3778
101928545
10369
339122
219537
51171
23530
4733
284716
79741
26220
8826
5340
56301
254225
87178
728568
10965
93492
6817
23061
10335
101929777
8620
339400
4018
440101
100287114
55626
282679
284273
10610
100533111
24142
57658
28970
102216268
5283
55190
84334
6007
154467
79780
2948
6596
392862
114569
220064
10156
79621
10464
692099
54996
27012
126432
102724814
54433
10332
389084
144404
6013
22932
9107
284403
56913
101927599
55823
3897
11217
11159
57820
89891
93107
94121
105378763
1315
57674
101928527
355
113402
84278
9894
403323
401466
6484
9054
81855
92703
8476
441194
55930
54055
64220
8481
51473
517
3128
116840
2322
27242
9637
375061
154141
411
101929224
55300
7582
26609
57030
100506757
55092
84152
64105
26032
389633
4502
57724
27236
100132891
643314
7329
100129842
9831
207107
122616
64577
414777
6927
60485
3163
267004
10239
1497
692205
728431
79019
55704
163486
55647
771
102723924
6098
4077
101927876
23025
55174
149483
1591
622
11152
1841
283875
54887
613
84942
3770
79696
132001
3064
745
1512
79912
203427
100507602
7347
819
29960
645752
116535
81789
55315
3097
6834
128338
814
90874
4675
100506409
154091
101927459
130916
55847
5830
94103
79570
7286
115399
100132247
5244
3822
140849
57109
6657
1307
110116772
653390
3106
6999
108
54845
29089
60626
1767
6046
10566
2978
26502
285533
26275
9543
8451
22993
100289388
152110
728661
80119
164237
8416
441455
22949
25960
2876
1638
51119
54841
7267
23324
255403
221756
92749
5929
102723605
84168
64167
115106
284047
54875
101929152
10737
7434
100874198
727897
643837
3918
90835
117246
100505797
9704
79744
124512
109504726
283089
80039
10256
84539
10656
102724105
284800
2023
201181
24148
101735302
271
389493
55627
106480429
23175
30061
1756
10588
51643
4179
285359
400506
3588
81501
25870
6527
58496
9669
9527
5160
79629
8759
102723927
3640
79363
84224
8642
84221
5991
114984
55259
750
54997
63929
54622
65082
5127
56833
85409
64979
55341
348013
8938
10549
6222
2356
3783
55743
729991
57232
392636
100505576
11020
9904
100128386
84722
100506054
143
139322
171391
9941
83475
201477
22953
79692
204219
79712
91283
55793
140458
115024
653687
11311
1052
51206
10322
64284
728833
23408
100996654
91107
255231
8784
9687
9938
1490
346653
1316
10523
100037417
116143
57406
151835
2868
11257
115817
5434
5494
79667
23392
145407
339231
440584
55344
150967
79738
105369205
25961
729218
83875
55742
60558
55816
92342
642361
100131434
79444
285266
7443
54840
51430
362
100499177
84874
28514
3570
3460
4255
100861555
201562
821
113130
79020
317749
11325
115353
7745
81889
84707
165257
388730
11118
460
4173
1677
100505538
100507283
100130872
339665
343099
23765
2053
102723927
55854
26095
56971
54888
728489
8192
101928517
391267
106660612
27085
55230
348180
8544
3574
100288181
9581
5625
84973
5343
84765
51360
3112
83594
5002
652276
25934
6146
79786
28965
5745
10309
3978
374969
7580
11169
654434
6006
115209
65109
79906
129804
2979
5184
107985040
56242
55001
3116
119559
64901
3344
10961
1503
136242
253738
56998
51083
54209
220729
54965
2953
285362
22915
101929237
26257
100128554
57862
2971
79703
84077
55258
157693
163782
3685
221264
5091
51281
155368
145864
963
55147
3430
8027
8786
25994
64981
94039
144195
100130950
105372321
2835
11336
66002
3385
101929145
9848
23759
10943
64084
3120
10000
79944
57446
11138
79739
5636
101930085
83605
653247
30813
375616
221393
221178
199221
28974
51478
84223
130589
2029
729262
283888
645355
101927541
79609
9829
162540
54902
147646
55217
116369
375593
26469
8534
6911
199990
57469
55812
124751
79090
28978
55623
388523
101927531
5198
3363
5900
55020
54828
84274
262
64223
730227
2769
7535
375748
326624
101927354
7169
389812
3489
5740
148198
101410538
9162
5597
374650
199746
1565
22837
106144538
22879
5995
3119
10221
201255
3671
57488
94233
100506497
100507043
9440
100505741
51460
101927196
23504
162968
6833
9419
115286
9277
5573
100131187
400464
79594
64118
284889
51095
91801
80336
145957
7374
100129973
5339
101928995
78987
6586
1774
64420
284440
51100
8226
497661
23514
2845
26005
7490
113835
7849
79668
23780
10519
2086
9412
4650
133383
339290
57088
93100
2775
105375355
378805
100129434
84436
4668
91966
100130887
10370
26289
3765
23660
8045
10351
8500
93185
26164
7072
11182
152756
133418
137682
101929607
4869
7170
83938
84888
958
5137
54961
143570
55255
643201
339230
148753
64801
23641
101930452
25818
196074
345
183
64410
1378
6330
54806
27347
730130
2895
148641
23087
100507599
83699
91750
8975
284656
25854
4277
105378231
54807
9737
7059
221120
929
23373
151174
400823
84417
133015
54953
50937
2877
6133
642273
7019
11267
1416
100289635
64718
25915
283624
5443
130612
121268
51168
105371824
100507003
140893
6731
5357
7784
6975
79023
401207
4820
27098
6251
171177
153339
80700
83479
105371485
64094
9575
56948
57826
54741
79057
80314
54836
3036
6651
51154
285962
100190939
9220
27341
54879
8293
199777
1535
414918
55922
170960
101928380
645513
554226
92154
5549
7757
1187
284996
80765
130888
10861
1259
57688
23022
56262
5341
246175
10841
774
101929505
100507533
5097
643224
23118
389549
27233
138716
10517
284370
2209
160287
51324
55677
142678
340390
51397
80313
8301
54932
10808
23430
64761
64067
23475
90525
353091
55526
412
10411
25946
163051
8028
2825
286343
288
81
55741
10826
79781
55764
11067
80162
144608
101928464
29058
55653
22883
100189589
4728
308
4761
9917
22904
54495
80036
118433
8464
374890
57104
51754
5140
65251
91289
9592
641371
80218
84172
728642
606495
140699
10917
375775
83461
9033
9896
64855
51566
256586
410
3716
1647
25847
26262
29799
5831
5365
113230
51582
4438
231
56256
23218
80317
54093
254295
678655
117166
2824
27249
400684
154215
55687
90121
6691
54148
9480
84343
63977
1571
400410
255762
100507436
84904
84795
29914
124411
643770
1262
197342
103625684
101929544
50807
246184
84033
840
6646
8100
174
7534
284427
11045
6819
84269
57704
8458
100130522
55249
553103
219970
9765
64750
80111
10809
51074
56892
143162
10396
27314
51650
2887
51635
10526
5029
124221
340385
55275
3053
56241
143903
51497
51393
124454
3029
50617
7037
84140
1961
610
2767
9705
645332
7424
57584
55117
80213
51106
50804
375190
220323
6441
100505715
55615
54982
5255
107986100
100129215
7538
5155
23307
55754
100874207
85459
2353
112849
79006
441549
9113
79153
84288
11031
27069
79003
9521
26472
84700
284998
10102
400680
200765
55705
1595
8398
1816
3127
9040
10898
203238
100506679
8512
8601
10732
55690
3428
100192379
100996348
3948
92270
3376
8608
83606
824
4501
9914
5704
7089
283999
101928521
254359
6869
11266
253982
11180
10263
26355
91419
79622
9611
222663
285830
84934
106707243
10781
23332
126382
285668
158038
439994
440307
124842
51816
344595
54914
6477
728340
100131827
4594
84968
728730
84515
84167
4704
114294
100506462
127254
11112
2784
57493
652972
51586
374860
401232
100506159
84944
1039
57718
3421
59353
80267
2039
7486
81034
8214
259266
100507321
60528
585
130540
23355
374868
664701
11209
29078
23184
101927667
1719
3754
9927
10578
65999
8111
100507171
23604
283232
126969
55156
51616
55501
6228
84688
9563
10294
100505806
729092
23170
25769
10553
6496
9325
25830
5961
10423
105374328
419
9906
3633
340156
55312
55035
100188949
144983
11136
22809
11285
4361
757
79892
7453
728498
1429
51259
116064
497258
56339
117157
57587
55702
283459
27351
727866
8450
83858
4725
10291
255812
100506697
253314
63908
55213
346157
644873
100874092
11157
100419583
81796
144193
51727
100129128
84623
2327
4946
6835
441631
5533
56994
51257
100131454
9508
100128124
1291
8935
10592
286186
3843
956
100996295
100509894
79850
3006
6907
84310
11215
201305
4831
151176
400955
9354
57610
10603
55558
29106
147804
2591
9657
100505854
22859
84498
56997
6440
6136
10953
23315
284525
118812
10901
110599588
219790
4830
23371
26471
107080644
163115
4584
146956
55280
2235
84327
728975
101929374
23516
340419
6772
83547
136051
10693
10140
100505532
284443
100506714
54967
83460
755
379
128414
54103
161497
25858
93973
653857
64096
92285
105373377
23543
55093
10570
492311
9064
3136
54962
7297
685
219743
23551
151056
166785
8508
84270
100507633
79854
101927168
54941
29958
100130705
25888
29801
55699
148413
100134934
89801
11103
9653
24138
26138
84321
23366
105378385
27434
65996
55343
644050
100507006
7516
203
1690
23527
29796
148823
105369230
152789
56132
339201
284486
5493
55281
51075
22933
1183
10753
2674
25841
54974
91433
105376752
79639
57020
11141
7539
729375
168667
11037
339184
92840
26146
6558
4192
23064
4142
646588
55063
646278
831
51177
5122
641372
79068
6262
3899
94009
80862
26173
9766
10134
2113
10055
100132077
286006
400566
63893
3015
1454
79258
101927811
81932
8900
163589
1687
84268
286101
101928062
134548
57418
100996437
8794
80263
1138
58533
152015
81629
51733
8225
91252
85379
64779
65220
100505585
1543
55973
151477
10614
101928287
79982
7482
348174
79939
9441
84812
255631
171568
4659
4779
256051
10715
841
139596
1616
152992
4731
101928303
51517
2026
201456
55135
348235
285016
10572
6335
80351
440335
101929467
55007
11130
1384
5277
11224
3183
4878
29986
51096
113220
129531
57716
25981
2746
1823
79980
284649
5919
101929335
291
7162
348751
23433
81631
51166
84501
203228
374900
2639
169841
283050
102546298
197358
59285
8233
102724360
5021
144100
440248
5602
100130015
27130
147429
22934
253650
57617
83692
220906
221416
1797
105369632
23294
80258
100996635
9583
81888
56902
822
22950
604
161823
79590
23581
148206
101928907
23057
164592
10069
205251
100271849
8455
60489
84456
401237
285389
339674
576
83394
29105
57864
148213
149840
9488
55081
100506526
113655
55751
5305
113444
8174
7188
23107
79589
3954
728747
440087
64518
8904
647859
59350
51690
102724604
26074
5431
64881
493900
100126793
5108
79442
9232
9025
1020
414194
102606465
101928058
84955
100287171
101928416
4692
971
51084
1018
7386
9066
84246
10567
10573
80174
54913
4176
100132677
146760
123
257396
219621
51205
114049
80741
29127
6799
25914
27156
220594
9491
29803
171220
2267
55815
30818
55006
7531
146
80129
26503
7678
10412
54441
9748
131034
1620
55830
1579
399979
670
3420
55652
83959
135138
4887
1738
57730
101927498
91149
285180
64771
168507
2947
101928989
51379
3980
101926996
127253
130271
146167
387680
401172
83544
22929
92558
101928266
254910
124997
5657
121457
79814
100506060
6941
727851
130872
29945
23640
60401
51668
51172
122402
285855
119016
29980
57733
873
439931
3070
100132147
5396
2817
401127
10447
101928000
4696
440672
203074
1819
80975
151525
81894
7733
100506388
10653
9739
3818
90390
83734
85478
100130958
474170
79902
84196
25941
155054
23764
6854
60678
400120
144203
388650
100534012
57191
4507
11237
10011
6100
64430
29990
101928509
11275
284798
158787
90625
4133
57710
55124
59084
9399
400657
101928435
147906
55335
64081
79587
9760
9361
6281
5464
10505
100131755
2050
6327
4084
2151
388743
8302
4008
4232
23145
4676
54891
65258
51030
256643
8558
284040
10479
3902
64773
89122
728927
10634
642946
80829
150472
728613
29951
646892
79094
377677
27042
3632
100996279
3675
84460
80352
54584
55798
5646
51144
286411
554235
389634
91304
57677
91039
29894
3417
55316
1417
57335
201134
677847
155435
2220
84966
284395
53826
79078
201161
1346
653784
51142
9718
339822
54511
1609
55212
200350
2298
160364
79087
199223
1145
1534
80222
4285
84181
7587
6926
8999
10518
1120
486
116238
1995
114926
401320
374819
79091
146713
100996709
84787
7079
147686
85012
56947
114625
153241
5153
5498
100289274
79701
3350
260334
120534
80227
54469
7139
653238
3050
8913
51314
148713
127943
389333
11131
23234
8581
1763
9173
26580
84561
100130987
54472
6128
100128164
115290
401265
27241
100996492
388759
4705
83549
23268
55140
8971
253769
285349
645811
1101
89765
6197
124989
4835
5025
401431
10342
3995
100874173
7051
341359
55298
51031
10043
5190
1590
3508
261726
57129
23127
148203
101927765
268
55510
100128081
256714
116969
6810
64431
64411
29959
441168
10488
9815
89894
51097
5981
89795
63901
79585
125150
4123
388796
140686
8751
678
635
2140
462
51692
100128822
6588
23788
51399
64788
55149
653308
8034
23065
65260
84939
3673
221496
6224
282991
414189
84790
79053
9177
81617
64400
11059
79956
367
56133
65979
3652
8995
345051
162967
29104
22876
8089
8711
9127
5311
23306
138948
114609
29988
728411
51280
9552
25920
23028
23564
400999
8019
196541
23059
55357
54207
643707
9317
145482
27199
118460
7480
84300
8741
90529
26090
26229
9129
283008
23295
7565
115560
85480
7752
91012
101929384
388335
23731
730101
128308
100128782
275
84073
9217
80145
9604
3108
83729
102723728
146547
2150
126375
55821
5918
222223
6997
84190
79986
65008
729815
23556
374875
54865
29928
100133669
56254
150696
11107
348840
727956
55609
440040
123016
399829
83787
440905
386758
84689
145748
162394
54930
7543
4775
27348
51319
84725
7185
4794
135295
1133
10422
9026
80821
387911
166348
101927155
256281
51601
3827
100506433
50939
9352
51726
63891
8501
59277
100422558
102724316
56474
3823
55074
57413
22796
219771
51086
9168
10888
285367
318
102725022
9088
9751
85444
90273
285141
728084
84516
260294
408050
25809
643394
6391
150147
100528062
85456
342908
116442
3725
2938
311
3887
90416
151516
2822
51447
3105
261729
9238
1917
79364
10692
100272228
1513
644
4061
563
53938
83707
100874047
79792
440278
5130
113174
10101
105369154
284723
493829
81624
56985
554203
1353
892
56136
8190
56259
6166
27094
116071
64149
80279
101669766
2677
3763
5689
84916
6652
101927093
10452
85440
284349
6300
10383
84034
388533
5947
3992
100507567
3598
348
284805
728554
80209
400960
101928969
7058
200810
79731
2046
55027
4353
5612
643529
51520
93594
4046
1984
570
56925
498
402055
25852
11044
219347
100996385
8511
57060
255027
56548
63933
84650
100130890
120227
101928402
863
9670
100506476
7414
105369192
27
100287175
5425
283927
26151
246721
5702
55628
1850
140766
5801
84163
11060
10352
728118
100302691
23131
100507055
654790
10211
23466
339512
10886
1723
102724532
50859
80173
103091865
9462
5387
5862
158067
27342
51434
100506674
65263
84340
3046
8382
105371374
101927752
152302
56853
341640
55364
54437
131566
5125
5578
8819
27180
340204
27183
7686
25828
150786
1047
283131
162514
100506215
7263
89885
132241
10577
100506885
340665
1945
25876
5817
2696
122481
83451
8836
55061
9761
26094
261734
26260
54901
389075
79740
221458
1615
57691
101927590
254122
105376805
79680
100131211
91373
112267859
1875
10717
134266
195814
387885
64897
83746
81615
55735
155066
5426
51741
471
147920
90187
440356
102723487
5188
441478
80217
4700
9188
11120
10795
5179
5764
79075
10873
51228
27254
79623
100131564
8737
5595
84245
23649
63971
22926
7289
9080
158326
65110
56114
92344
101928160
100507351
5178
978
102724993
79979
105375013
348645
349565
152518
50832
1314
374387
85302
169166
201254
154313
94241
923
64782
54507
197322
2950
6158
105374366
23600
387273
23322
375260
8567
55717
550643
147495
4927
493753
28512
966
55698
7627
3381
9796
578
441054
8497
92170
23304
399512
54814
59307
23592
26577
10298
10767
6571
5639
3767
54947
25885
100134317
10915
10003
23493
653712
26256
10326
5018
9329
2730
57116
148811
51020
54868
255275
5733
56605
100133220
126129
9481
55790
84883
90411
132789
2172
54937
7730
3736
169436
26013
11284
100129583
4808
7841
64288
100133545
9185
150365
79675
10620
83468
102467146
200420
442578
219402
81887
51065
127700
146279
6418
57410
8543
348303
56672
54885
25902
11201
84536
4956
103625681
10992
284309
51691
129450
28
23363
401253
539
127255
5695
91695
150379
122618
101929402
101928797
728656
23463
10039
56257
84691
253430
3098
349667
23531
7768
100526820
839
56341
10036
55246
10672
4897
326342
6137
55805
102724601
55325
100128006
84856
399888
338872
35
55757
146050
5580
57120
91875
51218
57479
2516
516
284058
115992
114796
51660
285440
102524628
2155
26155
64089
55454
129285
119032
22885
25875
644246
85378
644186
7741
149420
64788
751580
23609
272
92715
55125
5264
2277
101928979
11116
5934
138715
23676
7392
23569
5889
1815
9439
256236
79921
147658
285203
574407
654231
375133
147081
656
57645
728492
55502
85452
197258
25895
217
7291
6442
10516
51233
7439
23642
23536
23654
387066
64428
151242
1807
229
54939
90113
201514
51409
6732
3141
64710
84153
730102
56978
51001
266743
84284
55722
79925
55611
80025
26048
27175
10457
101927974
84809
8698
84079
102546294
51657
84976
140885
339559
9342
51024
50636
27109
2738
121665
29957
8818
84699
91689
116461
4719
642852
54102
100288152
101929524
56927
101929736
100528016
79586
285095
11190
139081
29802
8604
221035
6863
728577
64283
90423
105374546
100505894
100133091
10279
283537
2764
339241
6820
55471
3490
3055
23178
728130
101928812
3135
51617
150142
161779
6118
80150
4648
23398
101928174
51203
63914
51529
9862
57449
2635
101929730
23420
100128881
643866
4308
7226
26519
162998
7748
100130933
80012
8322
105372233
7809
79838
284004
100073347
388789
100532736
9672
10748
126017
83987
425054
2781
2946
221806
105372476
643355
5782
51367
9403
654433
1285
131965
1350
79908
729013
105369163
5966
6048
11093
2038
2622
202500
54587
100316904
259307
64708
27163
1044
143884
100616668
58492
100507557
79645
116349
51292
112939
51337
84996
728294
79844
23743
55860
54800
340745
114787
285150
8630
100506527
57713
729238
6638
438
51372
677779
54987
347918
84101
1395
146691
83463
3661
100132707
22954
5211
84071
91612
54212
6230
3107
5213
51303
729967
388
100874090
9762
79366
2110
284900
54059
164656
25822
662
30011
222256
8574
8269
101927446
50853
552900
580
387129
79875
55509
4338
29092
54458
53339
768097
441172
121793
84527
101929457
57380
374897
9391
23252
100775104
5358
3049
84265
65083
256309
392399
132160
56624
100128568
79862
2280
10550
50964
128497
374977
64837
64743
439921
8649
100506749
285382
285755
22930
79970
116151
321
55356
56993
283518
54820
9801
54742
92
4072
51018
151651
100506965
55166
442524
28958
51548
493856
113763
10121
2975
4340
100507398
27238
23232
92960
9626
10301
79158
100507316
102724985
84293
27033
133957
2175
2202
375295
93622
339768
391123
221078
728047
284001
51622
348093
23507
81688
730087
284365
10009
283219
100506012
80321
220930
5346
284521
6607
10155
219927
100996246
79801
2949
286256
117
389383
4548
221442
55055
5037
284390
53832
9486
110384692
23450
3991
23480
144423
1164
1174
6124
27258
55317
245973
100507629
55184
4726
284904
100505687
1238
8634
107986046
100996342
148103
117154
144811
283392
92565
125228
126298
2804
78989
8323
84418
57463
7798
23589
8625
11035
5790
55630
549
90507
4194
5093
84675
1621
84557
9855
27035
25859
284348
285590
100287482
114987
119
123036
81614
337875
51115
1663
9605
54497
55909
101929664
162655
26119
134121
55629
8470
154791
143686
55238
83546
29946
1266
25865
10460
55002
101928295
84285
101929407
29984
285148
130162
27297
885
8723
101927323
55243
5950
81285
100130311
2264
102724984
55321
4043
150082
1289
8000
101927472
285958
5957
196446
10128
284434
83930
100507642
3712
10981
170394
55620
54802
7447
124402
1564
10199
113457
105369499
5345
5567
55294
283417
55449
25797
1375
141
285550
378
177
4926
84217
55182
386597
4131
3834
4842
4585
5106
2339
57407
8218
57827
85021
27125
56923
80254
340508
114804
26354
51244
280
1891
91862
100049587
56269
285525
3628
9451
162239
8848
100505879
8725
64921
25950
9520
9341
130752
3775
1958
1645
5053
57531
6041
2790
6557
5064
729970
152831
2889
644165
79699
192111
401562
100507524
221960
101926933
80022
126567
387486
92922
10219
56928
124093
8529
130340
5873
54496
2548
54520
9153
6631
102682016
805
10180
9696
10921
10762
401312
57731
9884
9616
4636
7127
23300
3320
6045
29798
121952
10349
353149
123207
54554
23742
56983
114915
9870
63932
9883
114794
54583
84953
405
253039
9601
727936
400916
65981
200132
57786
100506070
283576
7284
643699
64925
282973
64849
26063
91869
29074
7087
9744
55276
10810
79029
2168
2071
360
55101
10612
128853
3889
25917
100507387
101928377
653513
55796
5045
60526
55163
285267
80705
816
5705
23382
8803
3352
55748
9159
4673
9878
9752
135154
286257
100507246
5605
390916
26150
80230
540
100129060
8545
118924
8228
90557
4485
80069
55691
23729
152816
57180
8463
730051
728081
8195
56267
109
100128252
10585
5993
2257
130535
148581
650368
25764
29991
480
84448
445347
23378
51035
84948
63979
219348
64423
51103
6457
5250
26768
10133
149371
729338
6157
57168
6610
9793
649264
51149
8317
100505881
80008
102723582
79672
54986
9290
57472
122553
122509
64499
162417
3704
5710
202243
284942
10385
126248
23761
441191
219749
766
80755
105371814
55346
84720
105379194
79729
55835
147798
285593
23198
64318
2893
221143
9993
7357
389668
5915
23339
7520
6499
79760
170692
55733
9610
9842
5723
57602
57821
168544
79934
55107
100129482
91683
285498
101929552
730268
130026
54981
140685
389362
27031
100289098
104472717
11012
4604
400553
100506384
101928932
9826
10424
6550
10636
64425
253725
9781
79133
10450
170506
8760
202781
168451
5360
5303
6261
440352
643180
258010
7390
4838
64065
170487
8462
94101
150572
83939
619207
26145
645974
152519
2232
116841
65010
7042
29780
1265
93611
4752
185
93233
11147
101928085
84084
101927021
23318
24146
240
6715
338799
1116
55256
79954
168391
440270
154386
5446
123606
11223
137735
57609
6011
128272
11218
127579
132321
10581
377047
93627
10591
9988
1066
400644
976
59272
4155
10188
3250
11168
353189
79822
7137
65975
388567
140290
63934
201931
283487
140767
1364
140461
102724515
10270
54970
2308
399818
84524
388695
11214
79870
79132
284865
5746
4935
100652739
101928931
6801
55572
159090
440081
84318
51752
56128
100506606
3612
91120
120892
9167
197187
22894
8888
10531
3020
221830
170691
8809
6621
106660606
10587
285331
3291
25786
128025
342035
4493
283483
5719
4240
6389
101928590
57226
89910
100652748
653583
100131193
4055
57678
50862
4621
25813
101927115
51117
9921
26586
583
388121
27043
395
9735
9158
101928725
25956
55773
144132
1212
100129827
84138
56897
9808
100506314
259173
92949
81532
101410533
84303
3700
56954
51241
285381
29114
100996709
63923
57696
729978
4814
55008
6821
29103
25759
101929147
6902
9013
51125
105375690
22863
7766
6515
30820
2637
80274
27089
147372
83732
11226
168620
440518
144568
57393
56912
10008
641977
11097
5521
79746
100132169
339123
55179
91368
56126
1128
388697
84342
440078
5575
50999
51540
785
79955
80235
730005
5191
3933
368
3800
1418
163688
29088
9242
64927
4735
874
538
11253
54455
7070
255374
286042
54431
101928100
6433
768096
100996288
441869
84451
4351
25906
5542
56950
2153
100049716
107985216
26578
653689
51522
10131
6891
348654
6169
26517
105373818
647087
88
1662
6234
85019
651302
7917
55170
11341
10443
23078
11245
65982
6622
253018
102724307
55183
1159
7456
340267
101929479
1952
80306
9091
2312
8907
105378949
51703
158800
55871
92211
56681
100506930
79022
10548
8611
844
10230
100289580
100271702
10726
100505865
167227
339541
6284
23259
10208
1043
6565
54681
4660
100505696
10455
8812
114881
6119
1757
9404
5916
100288332
786
126133
114904
112
124540
3777
503639
144321
4051
166752
7274
80194
56931
1727
1730
130497
7168
3137
55278
139818
23633
54516
10908
57693
1636
348807
5376
107984366
55012
222255
221191
201163
6728
8897
55503
57414
55
55052
57585
54550
254042
400728
2180
4172
116028
9340
1132
55253
284339
84991
10276
23230
100505915
2899
8526
8972
284385
29944
84256
79918
6468
2022
9633
3791
6456
285735
255239
90417
51121
84680
22983
51386
5527
6443
27115
57576
643406
6780
7763
57669
158135
8131
100289187
79834
101927636
201292
54107
54543
54758
7306
54946
3551
54955
6188
10445
144501
90506
26086
1070
57828
11260
2120
55036
222696
645700
400591
219293
100125556
57582
164045
8372
388753
388646
23120
84708
5352
9319
348487
105375304
51734
5016
100128076
100093630
112597
56109
100128398
644248
56140
107984918
51112
100505641
8125
164684
55654
57149
5635
285596
10558
8701
200958
728591
146198
55644
58494
11082
5066
404672
5195
124404
26038
100130418
4694
26073
55745
221336
54680
286077
7436
7507
54039
84892
169044
29070
388152
6511
22913
339965
100293516
642475
6929
150244
285464
107987373
79081
9141
1301
51026
23093
162967
4905
5893
9767
56898
5913
147746
63826
400935
84867
867
57552
441307
150776
51531
6339
119391
2859
54927
128387
134430
5894
122970
23086
84838
79736
7275
54960
127933
1118
5822
79867
10201
11277
483
196527
8165
2219
54896
100506421
23333
3118
100271927
100128239
105371115
29883
4986
92304
5325
388325
3821
81856
23563
84289
57187
11076
2535
54549
100505495
1137
160851
124976
57412
26576
10381
56139
81619
64744
51278
137872
55080
23421
196993
147166
57181
10849
7342
104326052
4552
100131067
201229
10945
1646
23139
80146
5730
259236
29952
80726
400713
7107
441239
8549
4884
149998
27068
9099
100506380
29123
5382
132320
51160
2934
79415
1415
101927481
158747
84986
6144
55655
63917
23597
128240
22937
1075
64651
100129543
151126
79644
4723
400765
23126
7637
8994
283726
131375
5355
79369
100505679
5519
107983993
51594
10579
6882
26045
23558
107080638
3846
54847
400046
149465
51534
5926
79104
64601
11034
3083
55153
64110
7128
791114
9315
146909
10233
221079
7027
26015
54920
143379
65055
100128714
65095
80724
9223
56097
165186
84440
5427
81609
653316
64794
1808
646300
8892
283970
115196
345630
9260
100505761
29992
594
51552
84148
23555
11280
285834
5655
27102
51122
55178
339059
10734
57505
55769
401541
147687
160140
23395
29979
65986
23263
347733
57176
6231
107984858
57221
283234
146712
338651
81488
2802
175
340252
150771
5310
4065
25839
8940
139065
10116
2160
55191
130502
284424
6920
64236
221400
55251
9790
115752
203259
359845
55157
101927760
1421
92014
55521
342979
2954
8844
140733
441666
2572
2678
8446
90135
54873
100507140
283177
102724560
100996609
3145
57491
64847
9580
2965
6512
2303
100131320
347240
23585
51652
11216
267
441072
10388
1089
51299
29919
51385
727758
254128
10368
101927237
83933
9453
7767
151475
109616999
101928134
101929733
101927612
3748
400891
64073
347736
103
146439
140831
93974
81627
103611081
7589
721
9201
130507
51642
286178
9528
26259
345275