6482
8514
285605
339122
317781
22874
284716
6505
101926904
105373095
440101
284273
79800
400604
9989
100506365
10045
192217
114569
23779
593
9905
102724814
9107
11159
90637
8934
83890
138649
9014
115825
355
9706
220042
1605
284207
54826
9650
5230
58475
9637
7582
3977
23335
25864
27236
23362
207107
8895
6636
64577
9482
267004
285237
10239
1497
51061
440515
4077
153643
100287616
51246
116
613
63897
132001
100271722
203427
7347
51773
8460
29960
81789
90874
83983
1111
115399
2740
57109
632
85415
90338
54845
57722
54518
285533
79823
5903
6199
4163
9068
22949
102724450
255252
1638
23324
66035
4191
64167
22875
127435
54875
3275
109504726
123355
145741
3958
51081
8202
4179
6527
136647
102723927
79149
84224
9283
23190
750
25878
9311
65082
79583
85409
257313
64979
94122
84905
100130613
53905
4758
8745
729991
57232
112574
100505576
283547
171391
83475
6117
2103
79712
140458
56125
653720
4324
55032
64284
23408
346653
5627
80178
100037417
89857
339231
104355426
440584
7942
729218
83875
55742
55138
60558
642361
5152
219541
51118
27295
100499177
4832
9470
105371049
4255
145694
8506
222229
317749
220869
51286
4898
4193
10363
6775
388730
11118
729475
4173
100505538
1677
100507283
2053
84798
8192
54888
390940
51474
4241
55230
348180
5625
84765
3112
83594
51435
29899
57558
83849
23137
28965
779
23242
7259
79730
644538
115209
2979
93010
5607
23250
3344
51362
55844
101929237
64395
79703
115
81563
1861
155368
7775
8786
196394
93082
90024
105372321
54892
3385
84791
290
64084
3120
84572
105371730
83605
57475
375616
27152
220979
344787
6795
55217
26469
89944
2014
60681
201725
1024
79446
23141
64223
8659
155038
5740
148198
1558
5395
199746
1565
4135
10520
3119
105372482
408
94233
100505741
101927196
84818
116966
115286
5573
400464
284889
91801
80336
440934
196463
100129973
55089
100873985
10487
64420
22977
10514
284440
2532
26005
7849
84262
146429
220441
2086
8728
140459
84969
57088
55349
10924
169714
27037
4125
11182
5954
89866
998
57415
4869
958
11132
158
339398
54806
83699
8807
221120
151174
3824
5101
8840
80778
84417
80206
51334
1356
57513
193629
124222
23358
2956
83479
90586
92675
9051
130827
56948
51676
129138
57826
79057
54836
282809
148534
693155
2913
369
645513
5810
92421
284996
1259
94120
8727
1603
9217
23048
126792
260293
388165
57152
27128
57122
6948
25972
606553
7317
6729
144608
100507050
51567
84251
23460
7923
91355
54495
8464
80184
100302692
375775
91272
51699
134510
57453
252983
9114
60674
29765
101927221
5589
5365
678655
117166
116092
65078
400684
79627
266722
10207
100507487
84904
643770
7913
646851
246184
6646
7041
6819
84269
57704
8458
8747
2030
5291
9582
107987461
6164
54499
9887
51650
100288778
124221
101927111
56241
101928017
3029
90594
6990
203102
645332
553115
107985781
375190
3423
100505715
118663
55754
100874207
5272
100507244
9788
79003
10952
10772
9123
158866
92270
824
55248
101928521
8394
513
51322
79622
91419
84987
84934
79903
731223
124842
221262
4594
23189
84167
5884
219902
113828
114294
51586
84944
4062
509
152877
79134
114876
100506753
81034
54923
55669
1002
90161
664701
101927667
3600
253935
157983
286336
153733
375449
284076
51616
91319
6228
11185
64793
2132
3786
23170
933
116173
340156
144983
5973
283870
201140
1429
51259
1842
27351
9540
7529
107
90141
51008
9861
93550
4294
100873924
64333
2327
101928399
9270
10618
112724
163227
90313
79850
9667
11215
6617
4599
23637
147804
91156
110599588
64320
51626
5447
755
54103
80017
93973
11098
3136
54749
166785
54329
8508
91948
100507633
29958
100134934
10135
285759
64943
84321
80108
339105
56603
339201
29907
91433
84436
54974
202658
729375
92806
11037
7840
79068
23326
9766
92482
100132077
152940
400566
55643
10062
79258
101927811
81932
25999
57613
100996437
8794
5927
116372
64779
400451
55017
8379
25940
56131
79982
348174
134728
84812
4659
11033
259295
85461
3434
170959
84947
26010
29774
4878
106821730
8439
84255
113220
4291
101409258
728175
2329
81631
53827
80020
254065
105369632
2196
26084
23193
1635
56902
284346
9663
9465
284129
84432
57822
57452
1556
6004
205251
387509
3425
245806
79755
4248
101928550
9488
5305
113444
114899
683
8904
51690
729082
64881
9263
100126793
63940
8773
28976
1018
10473
80174
5540
29994
54869
127687
6799
9491
9459
729040
400793
85315
95681
25851
102724889
286467
131034
54361
670
57730
51728
339448
64222
83544
55613
2794
170082
121457
55198
6941
29945
65061
8722
122402
347
285855
29980
10447
151525
132
10955
100129845
23384
126006
79843
6271
7965
83592
51729
7040
6827
59084
284325
283860
79587
55222
6281
5464
160897
100131755
6327
55068
440119
6253
223
7135
1798
51030
8558
55352
10800
167681
80352
56666
124152
286
1417
10982
2079
201161
85007
7373
64968
2298
114908
203260
3263
2041
102723517
374819
8499
56947
7287
957
54988
282996
388849
120534
80227
653238
100147773
1981
11131
57486
100130987
400794
4489
100996492
23268
1388
55116
253769
6197
138311
124989
145173
6548
55561
163732
100507135
5190
3251
3508
101928274
268
100129396
140597
7629
133308
8443
89894
695
140612
635
26058
100128822
64788
26128
23065
64928
221496
6224
192286
56133
7248
9349
5193
29104
84902
5524
56961
293
4883
4287
9552
204962
115265
23059
826
55785
433
84300
116843
79991
7075
100507632
92370
4902
388335
343263
100128782
84073
10682
100507175
102723728
3108
4646
80328
727956
23224
7011
386758
162394
8777
1495
135295
4528
166348
51601
112714
815
10399
26054
60412
56169
129881
123745
79798
64064
7771
474343
116442
90416
996
9238
79364
100272228
1513
2799
53938
83707
7006
105369154
145483
6166
84910
2677
84916
2669
7100
11316
284349
9194
5947
54737
6913
1173
284805
101928969
400960
200810
1984
93594
196483
8910
152007
23548
3930
100996385
8511
56548
84650
102724097
5321
55763
441151
389941
5425
5702
101928626
728118
5800
151987
1723
103091865
5387
3601
27342
3911
100506674
51295
51208
8382
148113
54437
8683
162514
283131
116984
144348
84074
4326
112479
254122
156
79680
5495
22979
400986
55753
471
84858
23768
55005
4522
1302
1795
158376
55600
84319
101927931
728537
55734
85455
65110
56114
92344
100288380
102724993
150383
105375013
349565
53405
144809
100506190
169611
254778
154313
375248
387700
197322
131474
54762
100129460
50814
1902
80759
23396
578
101928111
59307
9636
10767
128637
93664
255275
84154
65080
22990
55790
201176
132789
11284
100133545
392307
7702
56655
55362
200420
100507410
116285
80381
83666
146279
11279
5695
91695
101929402
10039
203054
101929231
148014
100885789
102724601
84856
50
11108
51218
339479
284058
100289678
2155
25875
101927096
157657
23609
2992
728377
5934
26470
10198
8878
64114
166336
25895
55905
51454
23536
200010
64428
54939
23171
5860
80095
3141
56922
754
51170
84284
55601
10457
147011
339559
51024
219854
2738
2230
100288152
84679
1312
83861
23648
1674
376412
29802
221035
64221
1366
22808
2664
84769
728130
2630
51203
4648
55957
22906
134549
7411
9103
8322
105372233
79838
284004
10748
425054
347735
221806
151258
10793
25833
116444
83853
79908
146227
113622
27252
25953
10038
79066
10082
100507557
79645
3242
84128
79716
23743
6203
5320
50506
11024
440823
84532
221656
6638
105376843
8624
1604
347918
100132707
91612
10538
10966
100874090
56904
90736
11170
222256
22924
151534
100137047
8269
101927446
50853
55672
84330
57559
441172
7156
101929212
57380
116412
9391
10884
161291
56624
1297
50964
101927167
374977
439921
64856
10787
92
636
114884
9170
23359
22854
920
442524
1241
51548
165530
2975
79158
10061
2205
22870
100507316
79065
730971
494470
284001
1508
51277
79191
23550
84062
283358
80321
6867
10536
219927
3295
286256
84286
54849
27120
53832
110384692
3419
56134
646802
57599
6016
55605
9446
5552
1890
115650
642968
55066
100133205
10755
11035
5790
8623
128178
147947
114987
9605
1161
64769
64762
25865
55002
4199
100130855
1178
9628
102724984
9550
4043
9306
10128
51368
3712
100130172
26499
150763
11119
170689
30812
113457
6597
1564
9172
256369
84217
9723
27112
3834
9415
79896
27125
280
27166
81562
100049587
3628
440345
51451
59283
2766
91664
201595
1958
54984
55214
9240
84894
10343
9454
80022
221960
92922
10780
2548
54520
80339
26052
9551
9121
163175
2139
79927
1991
79630
63932
9883
9601
55786
55285
392
200132
53342
163255
3316
79831
1434
91869
57583
25917
5045
55163
388559
5705
8803
79072
10142
7295
9878
390916
80230
100874255
8545
118924
100137049
80221
3000
80069
730051
5330
3373
2590
55120
143098
63979
102724594
3699
85460
3692
9806
1471
55327
4683
57348
9125
5201
80008
79174
1400
79672
122553
2286
6598
55346
100885848
286205
60625
729440
10594
5327
339229
9993
2896
51308
23657
23101
100101266
7520
100131801
92737
79007
84890
57821
23549
285498
729852
283481
1428
54981
55122
55617
147179
4496
55345
55324
27010
168451
5360
643236
5309
55582
83939
9889
3431
5336
83744
23008
57456
1265
185
8431
79000
23318
338799
154386
2936
11223
102724297
7423
253128
11218
152098
132321
390637
1066
9988
101929128
3250
5478
5970
8876
339855
140461
842
7464
79132
667
349152
55572
170680
84318
9167
54919
80329
30833
9820
4493
55529
51318
49856
26586
8974
3104
25956
55773
282969
6189
259173
4724
122945
3700
138429
27339
6821
29103
6902
9013
81832
142685
147372
25798
2996
79770
2275
3972
56126
6697
5575
368
29088
83443
57062
54
54535
10371
51132
105372028
26517
51329
9071
88
7917
55170
55732
148789
23474
92610
126549
101929479
91544
80306
2312
78991
55871
92211
100506930
79022
10230
5506
79705
57184
10455
9425
9404
100288332
3777
399761
56931
22878
57693
54360
64098
55012
23177
6728
28982
54550
400728
152078
9104
9340
100505915
7257
79157
131096
8131
100289187
201292
9061
26297
646652
23299
55755
164045
8372
388753
1240
342926
6207
112597
51112
105370866
5635
10425
8701
22844
55644
51804
9901
9358
221336
54680
140807
3780
6342
285464
80746
4905
54942
6787
666
84867
441307
283755
2739
7146
79016
2494
165215
54960
5269
401428
100996842
2932
100271927
85359
100505495
353500
400
283335
11027
1788
390598
100505876
147699
8572
7388
400713
8549
7728
9632
56171
51160
101927481
158747
55655
1075
9662
79644
29102
341567
4969
4685
65009
5519
83872
727
3990
25936
2720
55577
80896
161145
51093
7174
284307
79086
90527
10233
26015
196968
65055
51187
83941
55599
81609
3981
84148
9260
29992
5159
22807
22821
51122
55769
401541
2317
348327
101927258
127262
7166
6231
401398
29969
105372824
150771
4065
6181
26147
389125
51110
653269
92014
286297
5460
133619
284358
23303
79882
84316
55614
1012
5984
102724560
64061
286410
100996609
3145
84912
11054
106144532
56926
51652
7164
83473
26973
10243
101927237
28987
284759
101927612
7205
729177
283869
5796
5827
286178
55200
7562
219537
114757
79080
8826
6817
23061
9466
55900
282679
677792
28970
5283
6007
728673
105371492
161931
10156
197335
54996
22932
5372
9731
57674
400541
994
113402
51151
4148
9894
403323
81855
11145
349136
8481
4040
517
84162
728039
100009676
203062
9455
161502
10776
54908
55300
2185
677810
2173
344901
79802
115548
11328
402778
7329
100129842
399909
1717
56144
692205
55174
55152
11152
9585
115584
54829
3589
5939
313
11144
4701
819
645752
266655
253868
100131208
157381
130916
55847
5244
83986
110116772
60626
9652
23517
100289388
197370
5825
8416
136
5217
57097
115701
51119
160365
9027
837
2357
9139
171024
8459
905
4860
643837
117246
9704
100506637
9060
1522
6755
2023
24148
101735302
55627
142684
51006
27243
6605
10588
1801
51643
22981
5570
25870
11337
5127
10807
149951
28968
55341
348013
4718
8938
5126
10897
55746
91283
51234
55530
2903
23035
83719
397
642976
1281
6645
9423
3858
10871
115098
92249
91452
641649
9934
10806
27122
1633
22980
7443
127294
11117
23473
84874
284359
821
11325
4635
51227
619499
23207
23381
23498
79027
23765
728489
2562
106660612
7189
8544
5343
206412
26278
652276
374969
101928601
6815
65109
2890
283848
5184
107985040
401944
119559
101929504
4629
101928079
64077
126147
11339
117145
22915
210
55258
1482
10081
6155
64981
55147
8027
53616
11336
100505746
23759
2057
1013
400941
6878
5636
53838
199221
147645
79609
2906
8612
199990
27309
84274
80763
4756
647219
131601
64145
56127
200726
22879
5995
51574
201255
57488
116541
51102
112950
646
100131187
114781
7099
166647
8226
51100
94158
56006
4650
3139
131583
339290
8533
84182
91966
23365
152756
133418
125170
83938
84888
339230
23508
7643
5664
101930452
58528
196074
9019
257144
7499
3356
105372273
9737
2201
50489
133015
54953
6133
415
89872
10576
340602
134359
100289635
84520
8629
50856
197320
81858
55505
7311
91409
58491
7784
152002
101929302
80700
6386
60343
8417
56886
80314
100190939
83982
23033
13
9755
92797
4920
1187
6405
146760
54700
682
774
140462
9445
5832
5891
27233
140628
23430
401492
92346
412
10411
9489
2825
55741
107986412
375611
29058
105373878
10650
23214
1825
51761
79603
641371
140699
84172
10917
4296
89796
113246
4438
80317
23218
6208
84179
170679
100506436
23054
729603
383
51537
9512
400410
100507436
153684
25884
57130
25829
83759
100288332
653820
4750
357
7534
2017
81576
2169
221154
51074
348801
9918
5029
10526
55275
143903
100287042
84140
10149
121053
374569
80213
51106
220323
6441
388820
9261
164395
112849
8778
84549
6083
26472
221981
387338
400680
8398
3127
554206
79165
10732
55690
3948
2055
404217
5481
165324
58504
11094
57369
404220
5067
145282
106707243
1147
388135
977
10781
439994
10111
728340
9380
100506033
84968
6954
1139
6038
11112
2784
6829
85358
389799
441518
23213
440503
8214
23039
60528
130540
2054
60488
55026
51057
1719
55640
65999
283232
4359
828
100505806
729092
83877
202915
92340
11136
728498
497258
79830
221711
57646
83858
30834
4725
10291
63908
150209
346157
100419583
79933
5533
414328
53831
100131454
121355
1291
375316
404636
3843
706
57604
8790
83892
2195
400950
6907
84310
9049
55558
5899
2597
9657
100507334
89876
84498
53981
100506686
6136
5373
440894
51614
4830
163115
7739
6566
23371
107080644
55280
57121
2235
136051
23683
10693
284443
64800
80323
23144
135293
685
102723165
84270
79017
5977
137797
134637
2040
253724
55970
25834
27434
65996
54801
100507006
7516
8882
477
105369230
162494
101929709
101929539
10753
102
10949
149076
100129794
339184
79752
54763
8615
54539
6678
5122
4222
26173
57596
5510
6286
5210
4175
51214
1138
55808
137886
642799
110354863
56061
101929064
286103
84984
93210
10226
5698
171568
5654
55425
100506385
84279
8859
140576
100507218
101928303
144108
9362
53635
949
80351
55007
79152
129531
79001
80045
8266
345193
51166
57110
91975
401399
10072
1051
440248
3619
26097
84898
401024
220906
653160
100130889
166793
10463
79590
143503
388182
23057
84239
164592
60493
208
60489
84456
390243
79047
414332
54991
374618
123228
221908
27443
1910
252969
9655
253714
440087
10922
10382
2580
2487
172
9111
101928058
1776
29081
53947
84570
8120
51205
114049
6900
27156
284184
29803
171220
54852
643253
89927
80129
10412
54441
5885
9748
10384
7855
399979
64771
54878
3980
286887
51207
5189
4093
2907
340481
51172
146434
119016
9519
101928000
100132147
9702
6533
9743
125336
7733
85478
83734
79902
440138
144203
388650
158399
374907
2806
29990
57710
54504
54065
55146
23220
374443
10206
57594
1787
23145
8647
9321
10634
642946
55667
29951
9824
91298
80832
376132
51144
83742
79685
91304
105374374
57209
29894
64403
64091
121838
9718
148362
54511
10747
160364
1534
101928307
149954
79095
486
54894
7844
114926
6626
79091
100996709
51293
158471
84926
105369360
23234
1763
6425
26580
7052
54957
83758
24145
645811
104355295
4835
145258
1590
284825
101927765
148203
152137
200035
23019
5046
10488
57835
125150
11017
4123
388796
100505648
2140
462
101927682
6521
23313
27350
51399
4957
653308
51339
100506243
80380
64785
100128594
55856
100861519
5861
57057
441212
64400
51535
65979
162967
8995
83855
51021
400999
90381
118460
8242
81622
158584
26229
84899
7752
619208
64747
254050
2068
730101
337
29121
51155
387646
55137
8036
10467
10811
5297
7543
145748
400236
6837
54732
283987
23582
10422
147808
256281
101927155
55625
63891
8501
100422558
147923
3212
22796
10888
9751
8569
102725022
90273
65990
90627
100507308
342908
2558
647979
3105
81610
6623
1588
441476
6602
23308
79792
28990
56985
101928963
148189
1353
2968
101928051
100507567
1954
1809
728554
100507506
79832
51520
29916
28986
91442
160857
57337
219347
54477
55588
63933
100130890
9816
100506476
109729181
8086
283927
114785
55968
91445
3357
101927178
6783
10211
102724532
6919
5862
55244
79147
138046
51250
148932
100132288
9900
10296
359
1476
27344
26094
100505767
105376805
389170
7216
4645
155066
51741
81628
29085
54704
5179
5764
79075
51228
27254
100131564
8737
84245
338
10544
221421
22926
9080
100507351
978
201164
23142
55744
140564
201254
400710
6158
338817
375260
550643
966
7627
55839
81603
92170
197259
2584
633
1521
23493
23150
653712
84066
3075
8662
401494
51341
54937
7730
84166
728485
100129583
116228
79675
79631
442578
5881
51065
127700
4703
56672
3998
124149
440044
340061
952
114044
3912
100506258
1622
4897
55435
6137
6334
55757
25927
130132
115992
114796
253190
84950
10319
55454
2646
64788
2277
1
10057
23569
1815
64776
9
6534
10724
256236
147658
147081
286530
129446
101927862
229
5959
84153
51347
50848
84930
89
401022
84976
9342
50636
84920
121665
974
401164
642852
56927
101929736
56659
139081
344405
90423
100505894
4282
10461
79930
27439
3135
55112
85443
23398
9908
63914
5134
4486
23420
100128881
643866
26519
51700
162998
283464
160
643355
56623
60559
9922
729013
9784
80148
6048
100130742
2622
54587
100316904
2100
9909
353
8936
2184
143884
89869
79682
51292
25911
84996
728294
105369850
8816
55860
2261
55016
793
9639
1956
401474
146177
5468
166968
5211
5133
84071
7251
5213
3667
2110
284900
163702
8574
26960
25825
84527
123803
26224
80216
23252
219285
98
64837
100506749
55072
222389
91461
534
54820
9801
341947
55166
57157
113763
4958
8785
92960
55656
554251
9919
102724985
653464
133957
25987
57189
377
51622
9474
541565
81688
79901
29906
6607
25793
1188
2949
6635
373
642987
27300
100505687
26608
84109
153218
100507433
219333
113115
7798
23589
440275
201895
55898
5603
84557
23705
123036
81614
337875
51115
8635
55909
10288
115557
346171
55629
29946
5162
29984
200558
285148
27297
550631
1600
340198
57118
5687
9858
5525
25898
51196
84064
5345
5567
55449
26002
90203
11135
9882
100128890
92912
348980
80254
26354
51244
84678
162239
26121
26030
345778
8848
9520
443
30008
9341
100129347
2334
729970
644165
100507524
25824
1431
54496
100506688
55728
64080
6631
26136
348926
374378
2314
10180
9696
401312
405754
9884
9616
56895
23300
7127
129401
80320
123207
8754
101928304
402682
253039
8050
3768
8405
56255
222584
57786
100506070
11252
398
26063
57103
206358
10810
79029
6706
58985
653513
2911
165631
55748
4673
100506504
8079
5605
26150
148741
66004
540
8228
90557
83882
404203
79041
51778
100128252
10821
5257
101928295
84901
9675
7026
8317
84455
100505881
340591
23671
64757
284942
51042
55437
441191
54874
84720
105379194
4215
147798
6786
5711
6726
6499
388566
221476
6945
3094
389362
28960
101928932
84740
10424
6550
146336
79133
10450
5303
64714
627
258010
7390
283349
94101
150572
8842
220980
3690
10960
170384
9043
101927021
1580
55256
3191
57609
128272
100127983
10591
105371058
196883
84273
9022
445328
7137
3007
140290
399818
79694
284865
10985
728323
101060264
2116
101928931
7077
23385
7106
6662
440081
56128
2263
1326
219833
120892
10531
3020
221830
8809
90326
285331
10175
735301
57226
89849
653583
4055
27071
9158
3679
253558
79660
55515
255512
51714
92949
307
10094
388962
100996709
391712
729978
4814
64900
131578
1583
4815
3698
57544
5547
338692
202134
25778
5024
10008
80212
81542
54187
4033
5593
7760
6142
64927
5157
7074
3953
9812
255374
100499483
150159
441869
57623
107985216
11315
301
651302
11245
4817
340267
5621
7066
10312
23259
203859
1043
93517
6119
60672
64072
1727
200931
55342
54516
399668
401027
201163
8897
868
8774
91147
116028
25792
55253
51374
65217
84680
100125288
10746
11320
111
54107
102724163
26086
105369748
100652772
222696
440895
65985
10916
4864
7035
39
27430
5016
101927588
100093630
9196
51306
100128108
220963
38
154197
339789
56113
11191
9094
100506083
5066
55576
23410
352954
169044
6510
642475
9141
145820
23093
102724231
5893
641298
57552
6339
2859
253959
25929
200312
84240
23240
80011
57489
54896
6331
284451
3118
255758
399948
25821
337867
63874
6594
56139
6095
137872
23421
105378085
54606
90317
29777
7186
201229
1646
23139
54540
29952
7107
57665
64770
115677
10163
26751
114803
57695
25804
23597
6844
151126
2570
54872
7474
283726
155060
107983993
115111
493911
1962
117155
23587
6429
23558
8987
2332
101928378
26276
64110
791114
64115
112483
57291
165186
55064
64794
283970
1808
8892
4706
345630
23555
84959
27102
1611
147687
7475
51593
54893
79607
283234
146712
119587
113146
130502
3964
84618
400759
57662
10476
90135
23157
54863
6512
5279
102724566
91947
387036
3071
23585
100507475
349075
3215
53916
23200
2944
4801
2149
80853
64073
29966
4534
7172
103611081
721
729296
51642
9528
101928545
5906
117248
26220
85395
55646
3983
7571
7150
147657
10610
6039
79621
692099
101927599
91369
55823
144402
7323
442590
84525
8082
284751
57159
441194
84709
1907
57134
390072
684
5328
123872
79869
11258
100506757
84152
64105
84869
79092
147685
55917
503538
79772
6239
8518
2020
23125
728431
24137
102723924
283578
374462
23400
54887
9444
101927740
84942
340348
114879
25879
644943
79912
100507602
343450
100505555
4653
84749
100506368
100506795
814
26263
5830
100506035
644192
108
57190
9671
26502
10969
26275
80854
23357
441455
5116
79846
10229
79050
55760
115106
8858
11022
284047
285315
3918
79919
5737
10336
54795
50651
23560
201181
60490
389493
162972
23175
30061
400506
58496
9669
91894
5160
79629
79363
54997
1869
9537
56141
100506874
358
6222
8884
2356
100506054
7813
55282
55825
121130
100129269
23276
55793
912
55014
9687
339390
97
51550
79720
57406
4751
11257
115817
145407
55028
55344
150967
105369205
25961
126328
79805
92342
100131434
80006
8554
283345
84230
3570
55775
83480
9337
57402
81889
3265
84707
100506451
49855
102723927
56971
51271
58529
84324
124044
221477
8605
100288181
439965
105369364
5002
25934
83743
101060691
10309
10402
7746
57003
220729
9722
285362
57862
3004
590
145814
3750
144195
221927
66002
51236
2592
3326
23149
3155
9553
85462
26270
3182
101930085
643988
733
118987
387758
55203
729262
283888
101927541
2542
116369
10791
375593
100874342
6911
2700
5000
283
644623
3363
2840
262
730227
375748
55664
222068
93164
388886
101410538
7278
79971
56155
100507477
100506497
9830
53354
654319
9877
51460
101927257
9419
7442
400746
5339
78987
79572
1774
51715
3208
113835
7158
10519
133383
93100
202020
105375355
25853
4668
390
100130887
26164
4137
10733
93185
8672
55255
1381
51599
348262
1122
81605
101929378
730130
647310
25854
4277
105378231
57117
89822
54629
4689
152185
158234
9895
377007
5443
100874145
51168
91851
2246
9308
4820
6251
196410
342132
285671
225
9575
5955
64863
5141
51154
90378
126668
285962
9220
27341
54879
199777
414918
865
5205
130888
6229
10841
492307
84967
84171
1363
51324
160287
142678
340390
4284
54932
23475
653140
90525
388531
55954
81
55764
80162
101928464
339324
56729
54521
118433
23302
51754
148254
65251
91289
2898
91351
728642
9477
105375115
410
84929
93166
9529
100507291
101928118
254295
161159
10153
8527
100874188
90121
100128025
2961
63977
57799
9924
1571
8664
10456
124411
1262
101929759
101927755
11099
100130522
57687
10905
553103
197350
57482
10809
10428
8705
1973
10396
51635
401647
9620
8714
84665
7424
11270
79153
3956
11031
7694
26511
7363
10102
8512
63982
3428
8896
4501
65123
26958
9189
79993
23639
84792
11194
3241
9267
10068
282890
100303755
285830
7776
29888
5480
7045
51816
10469
100131827
84515
84954
4704
652972
256764
79804
253962
63951
80267
11046
6540
347902
79983
11209
151313
124565
285
100287902
25912
1060
27255
9452
8467
401491
55501
187
80347
503569
90861
10553
9325
401551
5961
79042
9906
3633
55312
26286
11285
4361
53
4122
2953
120526
442898
1975
57099
2745
2675
2217
166
132884
5238
1175
11157
144193
400709
2888
56994
9322
4149
10483
729830
79774
57213
3006
26872
284459
101929717
2591
374739
100505854
51309
415117
118812
10901
392255
55194
105376114
57102
5289
158055
341676
653857
2833
123264
2323
90853
9064
54962
859
54870
57834
79854
7691
54625
79807
148413
23596
25932
283028
55030
55228
2850
2620
2941
25791
105369807
203
619569
57404
60685
100421577
1183
84312
101929110
57020
9665
2561
63905
84775
55063
646278
845
5522
440173
54664
51272
1454
134145
286101
57418
152015
84816
800
10127
7292
100130357
65220
146857
29954
151477
126
51143
10946
6159
10458
100129195
117584
3113
4731
51517
2026
399687
285025
5708
2444
84309
128977
11130
65265
8341
390595
201501
7162
286122
84501
9147
203228
2639
139324
8991
127495
284021
126695
253650
388588
83692
10907
150223
80258
161823
1346
8822
604
105376171
148206
219736
143425
79679
91607
29925
10069
6357
3799
378708
160428
407
105373557
1352
120103
118813
100652988
284485
728747
647859
493900
266727
79442
83752
100287171
7448
51085
574036
105370578
257396
219621
55374
151507
84993
5738
7264
55815
101928663
55006
2661
9098
135138
29995
164284
2947
51379
127253
6838
387680
3987
8409
54949
8846
27063
130872
898
1789
23640
60401
533
51388
59274
873
117177
2894
439931
4696
100506388
100130958
155054
23457
6655
5144
55124
51490
245937
55335
64081
9760
9361
55800
105378622
51768
103344931
55679
65258
4708
89122
728927
5571
57761
377677
101927056
22826
84460
92105
54584
286411
389634
25998
81620
79078
653784
7932
79087
11078
114327
155370
1145
100874203
9134
1120
401320
147686
92815
79701
388722
29965
54472
101928784
4705
123103
55140
285349
1101
25780
5025
401431
100128640
441046
79632
6487
51335
50486
83888
4677
245812
7073
89795
79585
54858
646023
55665
5359
8602
7556
64799
83999
92305
5792
577
3673
282991
1520
79956
25949
345051
26
84886
84705
138948
23306
29988
5023
728411
440193
23028
8019
3032
171546
145482
27199
101927289
90529
7915
26090
84909
80207
10347
151011
9604
4320
149837
126375
169693
116254
29902
65018
257019
2352
25959
83787
54930
8407
27348
105369391
1964
7105
158160
3069
8733
22989
285367
318
84545
339535
85444
285141
921
80224
25809
64806
2009
152485
6892
151516
51447
1968
64975
101928617
100506737
55779
10046
514
9077
113174
284723
1277
113419
4798
554203
55658
27336
64149
101669766
23312
5729
515
79963
5689
100996643
6300
199699
11077
6132
100506178
3598
283314
55504
4067
79731
84612
570
56521
1608
2013
8815
28992
4521
255027
81490
11127
105369192
2624
158062
9031
9205
84163
169200
259217
91522
57172
23386
80173
158067
126755
84340
10052
55811
101927752
4047
5578
9866
389558
55109
132241
100506885
5817
8836
55061
261734
26260
221458
101927590
57132
1191
57343
80301
5322
1653
2901
4700
8694
9231
11120
8531
10795
6666
80270
7466
6217
50832
152518
85302
54929
338339
2950
8528
27131
26047
153769
8567
10533
55698
117854
84620
90990
23383
257169
64839
171017
10298
10844
6649
253264
10003
10326
648791
55603
148811
283899
8216
9953
90411
114902
283377
51560
7841
150365
60561
80114
55616
65005
100288413
54885
10950
92822
84536
103625681
57228
3957
84336
28
23363
57405
23463
29933
23317
51063
85477
839
10036
326342
51092
26509
4253
219931
4524
91875
57479
2042
64089
9179
119032
2937
5439
8490
272
55236
117608
54442
56000
375133
1121
254428
6470
768206
84277
284739
84619
112616
201514
51409
55859
64710
27175
10962
51657
27109
6664
101929524
9851
80709
51019
113
26123
309
338440
143282
728577
100133091
80332
283537
23178
1160
79847
5096
81931
55780
375189
7633
11133
101929730
1263
55297
7748
148022
1117
6843
83987
2791
100134368
811
2946
256364
708
5782
159371
51367
654433
1462
196500
56124
116349
55260
51337
79844
100113407
51290
51372
57396
32
54987
1130
146691
83463
6230
3107
10026
30011
27346
552900
101927125
768097
58489
3838
10627
4058
2517
100775104
26816
157
23301
55295
65083
10550
154
11101
8309
8797
285382
22997
9015
10507
1000
55356
128854
4072
253512
51018
439936
5684
3760
25893
4340
23082
1373
58155
2175
25758
353088
388939
93622
3654
391123
7572
10077
105373537
3311
220004
51504
25771
221692
57125
221442
284390
9486
284406
647024
1164
6187
4916
115352
3134
8634
130749
9016
144811
55003
57463
51131
23446
64386
79794
101927809
1663
2262
388011
23351
5911
51082
6210
130162
100287036
8519
389690
1289
283229
196446
64748
8729
100507642
400258
55620
54802
7447
9910
124402
105369499
102723475
1375
100130827
102724927
64965
107987423
57106
4131
57407
6535
53371
23284
7639
10200
23484
9546
22846
10254
27039
57531
14
2790
58191
79699
1740
283663
3293
23615
10219
80309
34
10758
26088
10921
349114
501
63939
54554
3664
611
246
29785
727936
143879
23426
8153
3921
64949
55276
59338
55540
2071
219738
53834
51449
9886
26235
100507246
51389
5148
6642
650368
790955
57045
10079
26995
284
51035
51103
219348
642559
3915
64417
84233
6667
51149
259282
130574
27158
122509
3704
10385
80755
55211
79729
23198
101927394
389668
105369582
221955
23339
10321
5723
55106
11187
2681
84657
688
101929552
100128682
730268
116496
101929549
27031
8200
401264
2760
58473
10636
55320
252839
56654
64848
170506
80349
8760
54097
64170
643180
29922
619207
152519
2232
646658
92856
93233
54464
100528031
79724
240
3
83862
100506714
400720
8270
118980
388567
285676
65975
84376
63934
124936
283487
54970
65983
84524
83656
143872
101929422
100652739
374872
147968
23352
9648
51752
3612
101927189
26226
197187
2137
8888
106660606
91754
51209
10971
100505601
5719
4240
6389
146562
25802
2568
101927115
10947
395
10616
100129827
3073
641516
6692
100506314
80139
56954
7711
5163
63923
126526
642776
54890
389458
55622
3416
79866
659
5754
57393
56912
80818
51506
11097
79746
55179
59352
4069
6274
115950
80235
847
100996251
84135
5191
84079
81839
7095
10287
55176
11253
2002
101928100
116328
23659
768096
401093
400043
728392
10090
10120
541472
653689
51522
6234
102723540
84814
55118
100133036
51398
51361
253018
56270
57212
55183
7456
9091
105378949
118471
11196
56681
143888
10146
844
220972
116113
167227
146395
126133
1757
114904
22853
100505635
3137
55278
283807
196872
10954
1155
101927720
7200
283575
57728
64208
284612
84333
9256
6424
5110
8637
23230
475
284385
326
29944
84256
79918
100507195
3482
51386
27115
643406
11102
2878
57669
158135
79834
101927636
100507297
340277
54758
54946
1629
729234
162966
79858
4437
283237
219293
2990
29126
23120
84708
10466
466
164684
26301
200958
728591
6846
146198
10316
1149
100130418
55929
5393
388152
150244
100128750
51026
101927621
162967
129787
102724127
649446
57700
147746
63826
4924
51531
1396
128387
1104
122970
83442
6009
26130
9122
5822
79867
5208
10201
11277
89837
10637
3821
84750
57412
5577
79144
6277
7265
57128
196993
100505549
5444
22888
26628
57181
102723809
134218
100131067
80726
80146
441239
81537
27068
100506380
7555
2770
654412
9717
59345
30844
1415
6727
23015
25939
201651
101928123
23126
3257
64599
100505679
79754
3965
140456
205327
84936
51594
79628
107080638
202052
2134
11034
8682
5879
143379
57592
54777
5218
151234
653316
8560
646300
222611
79744
100505761
6236
285834
55178
11010
10930
23395
55367
51185
23263
57176
100507616
2802
643783
55592
25839
2628
8940
84875
105370809
6447
54733
115752
359845
84276
1421
121273
2954
55351
83640
7140
11159
9695
158880
221935
389203
1340
7398
100131320
131450
55034
11216
1009
83933
57534
3688
4628
158219
55082
165679
55714
1824
55095
115290
115024
387712
1186
140886
51171
401577
23530
54106
100287177
2706
57628
10965
3735
147184
101929777
4037
339400
468
10667
100533111
100506603
7755
3707
54112
4312
23062
84334
102723828
154467
79780
2948
6895
25862
284403
219731
56913
158572
10559
83716
57614
347344
51136
9054
3611
273
54055
3128
5649
116840
8674
113791
653479
154141
79640
57724
4824
9831
401014
122616
342184
283104
414777
79863
23020
157310
23658
149483
5223
54536
11188
1512
5496
9926
10257
400931
100996419
6834
23341
128338
4675
150962
66005
55937
653390
3106
10566
11015
221184
118491
9331
9227
22993
152110
144406
728661
9101
84326
1810
201973
7267
255403
29920
56164
51427
221756
10737
26505
2882
4591
6296
80039
10256
102724105
64746
26050
7262
106480429
64174
641
3043
285359
196264
441374
199704
8273
4790
8759
8642
84221
55245
9235
2653
55259
100874114
349149
3608
55916
83543
56833
5980
784
4157
10549
26974
124
113612
139322
84722
151306
254013
55199
79692
140578
6650
51206
338707
255231
6184
5132
5434
79667
126917
6904
729515
100289019
285266
8170
54840
51430
993
4720
25775
54332
51013
9725
376693
201562
64132
10712
64359
114900
4124
64864
440836
26095
23205
9472
100132273
284323
596
84973
164832
79037
23431
27345
79786
23245
29071
9746
148252
26287
654434
6006
171425
1829
56242
2241
100996569
1503
203069
57571
23192
54965
9892
3685
221264
5663
145864
51281
1140
221178
102724190
147841
4258
1743
729678
80731
92579
11138
79739
152330
120425
30813
221393
8406
28974
51478
100505591
5428
114043
55268
8534
55177
55812
124751
93134
55020
1393
100287569
22996
404037
163590
374650
4237
6717
6385
3796
10666
6833
9277
340895
79594
56110
29101
51095
51338
51780
2691
84701
9412
286749
100129434
9764
1032
9274
1822
198437
10351
8500
137682
143570
80144
25974
64801
100507103
23641
84914
54899
151963
5026
64410
8663
3697
91750
284656
126433
54807
80271
54596
379025
7019
102724826
89832
25915
441509
5583
6731
127396
27098
3077
54741
51747
18
1535
728621
6448
79175
7757
80765
10861
246175
80169
23181
339834
26064
83932
84981
51397
80313
1911
54456
9701
4329
254102
288
9915
25903
308
84065
9917
6525
3146
101928489
751071
83461
6201
5090
388552
25847
231
54093
1642
1339
170961
100129550
54148
731220
51466
149773
572
200014
84795
51128
3383
840
8100
27044
25874
284427
125704
23199
55249
345930
80737
9765
4799
23479
922
55507
6240
340385
55094
64866
51497
51393
124454
58490
503542
4836
107986100
5155
116362
85459
84288
653061
84264
6936
79886
203238
5887
129530
283316
3710
9063
51101
6423
253982
554
11180
100506581
284110
3340
55110
57758
51661
440307
54414
2962
124995
23117
100507501
30850
136332
3741
100506462
101928858
10016
6542
2039
100507321
585
23355
9654
29078
100506881
9859
9927
10578
548644
4982
57538
126969
55156
719
9563
55716
7136
132158
83448
778
114299
22809
1780
55035
2191
757
727866
57587
2330
84164
283459
55151
255812
100506697
55213
387590
90806
644873
6760
89853
9976
542767
52
83881
101101775
105
51257
746
121456
728558
245
10592
57708
5742
64789
5274
10855
4831
8875
10603
57610
55196
23231
5538
23094
29091
6279
728975
23155
340419
402135
3985
10542
202051
8872
92285
55093
10570
645996
100037417
6532
572558
1460
23002
56911
9132
253559
3663
11083
11103
55544
9653
24138
101927352
55343
10815
80307
5034
55848
29767
26146
11005
6558
4192
23064
646588
79102
57554
831
80862
7444
63893
8900
10267
101928062
8225
55210
10528
79168
79876
84928
100507401
57511
176
28977
126326
81704
91151
55973
84250
143384
841
57001
84449
139596
91614
1271
92714
81606
10572
830
284371
55713
1384
529
92799
25981
54059
5919
79190
2645
348751
57526
3931
55971
51634
11091
2272
197358
8233
25966
387103
80228
22847
54940
27130
100216479
1797
100506742
150084
4952
345757
9583
81888
822
2671
8444
643836
644815
83394
57864
22925
152926
23107
64518
5108
121506
200728
9025
93349
4692
11176
51084
7770
10573
101927280
80273
54913
100132677
22856
154661
220594
2905
26503
7678
3420
105376554
440556
79819
92745
26234
10622
3762
401172
26984
9827
28971
541471
124997
100506060
727851
64224
3790
26290
4314
163223
386618
10653
101929340
2114
3818
266812
474170
25941
51433
103344932
6854
60678
4500
57191
100505633
10011
9402
101928509
284802
90625
1949
9399
26133
22897
90956
51738
2151
387628
54891
256643
284040
220032
728613
54995
55845
9890
55731
55798
4833
92667
55857
54660
124590
9742
149478
64753
51142
100506668
10421
1609
7552
83539
7389
80222
4285
6876
10518
105373113
100294362
5153
64108
653082
100505783
8913
8804
2051
56949
389333
284013
26037
192683
23097
162681
27241
388759
10584
6873
100128071
10342
147670
80852
152742
400221
85026
760
261726
256714
118881
23223
5826
3133
84668
441168
6897
51097
7993
427
100131089
140686
64838
401190
56937
5987
8034
955
100533464
84939
5985
7802
414189
7108
81617
147040
50945
11041
10073
23007
441951
8089
101928176
57185
114609
2958
25920
23564
140465
115861
150465
643707
1632
9129
23295
115560
220388
91012
23731
196951
275
100630923
6414
401036
80145
794
2150
23556
9128
54865
3914
58986
56675
100133669
150696
11107
43
84689
51319
7185
87
101059918
525
100506433
4099
54556
8495
9501
102724316
647135
9724
51086
9088
10255
260294
408050
84516
643072
100528062
5685
102724827
261729
644
2064
440278
342357
54205
8568
85476
80279
151295
57101
1953
6652
220929
347252
89846
132720
55027
643529
60598
498
402055
8448
93429
100506826
286148
5071
27
246721
1876
116255
10352
79625
9557
79820
105371374
57595
117283
1445
7686
221749
153579
23075
4987
10170
9911
728190
65124
28959
6885
9258
253980
100131211
5202
9897
64897
83746
81615
10056
25938
335
728723
1734
440356
5188
80217
1942
100507098
148156
9949
3475
120071
100507500
1672
51146
221895
3839
10278
79979
348645
57732
158427
374387
55591
169166
57142
942
55788
22852
51267
54507
105374366
23600
65012
112464
55717
147727
57578
6345
9933
6675
340719
6571
9053
54757
25885
100134317
5018
653781
2730
51020
56953
5164
23580
56605
100133220
9481
254552
54108
79608
64288
9185
10093
4736
57338
5192
9847
339318
102467146
219402
139728
81786
57410
2145
161582
11201
222236
55173
10992
3098
349667
259232
55805
55325
28513
9130
91647
146050
148229
57863
84908
516
59342
285440
8748
101927922
100287015
644246
7741
3603
751580
274
55125
5264
27185
25861
285203
286827
55365
145873
101180901
51148
197258
2984
51233
387066
26205
151242
101928200
8021
79925
54853
26048
101927974
84809
284297
375790
646168
90288
55770
374666
91689
4201
54102
3092
285095
105374546
3481
93343
100132501
101929762
101928812
6118
728635
8824
9862
2635
7226
23461
29997
56203
9403
101927895
126820
11093
64805
27163
64787
58492
10878
147949
730091
112812
100861549
23732
84808
8646
5872
100131096
3117
7697
55552
7372
50854
101928158
84101
1395
51303
339451
662
7078
580
399717
4338
6674
29092
54458
339803
101929457
26022
25970
80830
3418
3795
132160
6522
283209
79862
116151
29097
54742
140467
53345
100128098
151651
7223
100874068
51015
27238
11346
646962
730
84293
27033
100506658
3738
9400
221078
339768
2803
728047
105376384
5351
730087
7060
114780
100996246
3743
23450
23480
5611
55568
440073
55317
56995
51592
102723775
55819
8496
57573
64772
3732
158314
339453
170958
2555
120
55630
10346
90507
84811
5062
55009
10451
9668
64798
5032
9855
119
57711
162655
8076
26119
23204
91392
4293
10460
10092
79861
101929407
79879
728689
101927323
64130
64097
79411
57805
150082
51382
5957
55296
57146
9920
101929191
79651
5878
10199
100506343
55180
141
378
84080
8218
2339
7068
114804
153527
1857
5104
7579
10827
10801
2837
348110
25950
100507053
23423
130752
1645
50808
6280
646113
100506334
2889
2077
401562
1716
100130519
56928
100128569
7764
26233
100289373
1519
401262
23443
25979
26750
91526
4636
10349
29798
28232
353149
56983
347273
11278
30000
440829
252884
339287
671
405
1008
400916
100128788
65981
4669
57568
643699
282973
3339
51248
81691
441389
29074
5409
7087
657
360
55101
148137
6309
101927067
10147
60526
6730
148979
4485
23729
25807
55715
56267
27013
7873
10867
440
57502
90522
480
84448
23378
151887
55131
79725
57529
221294
9678
127003
7533
56105
55423
102723582
10988
64499
10939
5710
202243
5529
64429
4000
64318
9720
54467
124930
266747
101929726
5500
3787
51253
79760
7171
79674
8801
8835
494115
729220
100289098
221
79726
4604
253725
5338
389033
23024
780
23682
7326
83985
55224
51503
151254
101927311
375567
5442
90204
29780
10231
285456
4752
23545
11147
10166
116988
10521
57332
129807
440270
123606
10989
6123
10581
644150
377047
5462
11322
129685
4843
102724515
65992
259290
388695
9324
55719
150678
51310
2346
6801
8565
54531
91120
170691
10587
6621
221710
3291
25786
100132708
55966
89910
728047
4855
81928
4436
4621
10474
25813
583
27043
89848
10713
79915
51569
4325
6529
401074
6832
4013
51241
51669
282974
8881
57696
6560
25759
101929147
7766
178
83732
201283
340542
641977
100287722
5521
339123
91368
388697
64409
3297
2060
148327
730005
3933
81566
4735
2995
7070
286042
1305
55975
83636
55612
51527
158381
9047
100049716
284835
8874
10131
6891
348654
57107
647087
9997
541468
158800
54480
8907
7268
1203
3993
51195
10100
1768
6284
6565
9683
100505696
163351
144321
125206
79816
9215
5376
9925
55314
57414
8563
55052
79576
83648
254042
56674
6503
3588
8526
10297
2519
205564
26152
6468
8850
9633
7718
90417
255239
29110
23163
56915
79178
101928284
54084
80762
11251
6188
201516
126231
57828
79898
747
80760
55036
10224
100125556
388646
165140
348487
55350
8732
54465
100128398
8125
10109
167838
66036
285596
387837
114826
9694
51629
57162
7436
54039
4780
8916
339965
120114
131873
6929
27436
101928857
51542
56898
55240
3559
55863
6202
343171
150776
119391
126374
83876
57509
100507421
255167
84838
55684
105369915
79762
2219
8880
55531
137902
5518
84289
9692
132204
57140
89858
55080
147166
10849
50809
104326052
4552
51559
11329
131408
342909
57467
2070
286076
79415
9814
84986
85013
63917
56683
2121
93589
105376495
100507540
100129543
8994
4702
5355
139231
51400
64285
84461
126003
51252
56252
11193
54663
149465
55164
64802
22984
51022
2665
56181
54920
65095
140680
6850
80724
284131
10501
24139
54976
137835
51552
79877
120376
2733
9962
5655
4151
4793
10631
441282
101927193
7112
3187
10400
338651
140739
175
137492
54101
79815
55191
133022
91775
84918
403
6920
221400
114822
28227
9790
55157
441666
11240
101927587
64847
2965
950
8665
100506233
7762
5243
55680
57409
85474
51385
727758
101929234
149603
441027
51332
284069
23049
114823
7589
345275
8514
285605
5662
317781
51157
284716
6505
8724
284273
400604
9989
2647
84696
100506365
10045
81788
192217
9414
114569
593
27229
144404
9107
6282
10655
11159
101929704
89891
90637
8934
138649
101928527
9014
355
9706
47
1605
284207
7324
9650
1806
58475
55111
7582
25864
27236
152404
23362
8895
6636
64577
9482
10239
1497
30845
51061
51378
440515
116
613
63897
132001
107987462
100271722
203427
23269
1854
8460
29960
23636
168537
90874
114134
115399
2740
632
85415
90338
54845
57722
85366
101929387
79823
6199
4163
22949
51265
102724450
1638
7399
23324
66035
100128338
10295
1347
4191
64167
22875
54875
7434
3275
2734
10817
109504726
10656
23266
51081
4179
6527
83860
102723927
84224
750
9311
65082
79583
22803
4350
85409
64979
94122
100130613
53905
729991
57232
100505576
1390
143
283547
171391
83475
22902
285761
2103
140458
56125
653720
55032
23408
346653
5627
80178
100037417
79710
83940
57795
339231
619373
440584
729218
83875
55138
60558
219541
27295
100499177
54934
9470
105371049
5834
4255
89941
22905
317749
220869
51286
388228
4193
57477
6775
11118
729475
4173
100505538
1677
100507283
55799
2053
84798
8192
54888
10882
390940
1506
55230
3574
5625
84765
3112
83594
51435
57558
83849
28965
79730
644538
57053
79906
129804
2979
5607
64901
3344
81846
55844
64395
155368
7775
8786
25994
90024
105372321
54892
3385
84791
290
57085
3120
57153
1107
23176
105371730
83605
57475
220979
55217
26469
125476
10771
89944
57524
1024
79446
23141
4016
64223
8659
10361
5740
148198
199746
5395
1565
4135
10520
3119
105372482
408
8925
9208
101927196
84818
116966
115286
5573
400464
91749
284889
91801
440934
196463
5469
2067
100873985
64420
284440
22977
10514
287
7849
146429
220441
2086
8728
84969
744
57088
55349
169714
4125
5954
89866
57415
958
11132
339398
6494
54806
83699
401472
105373378
10420
221120
84441
151174
10589
5101
8840
80778
84417
80199
1356
59286
57513
193629
124222
7871
23358
3140
79591
83479
92675
64094
9051
130827
56948
57826
129138
79057
54836
282809
6747
148534
339456
369
645513
5810
92421
284996
1259
94120
8727
1603
9217
23048
126792
57179
84925
162963
27128
9252
57122
6948
25946
25972
606553
2321
7317
6319
6729
29901
144608
80831
51567
10512
84251
7923
51088
91355
8464
230
80184
375775
4171
57453
4542
252983
60674
5365
790
22890
51320
678655
117166
116092
400684
5073
79627
266722
3455
10207
57530
100507487
84904
643770
7913
8863
646851
246184
7041
64175
6819
84269
57704
8458
8747
6901
199675
107987461
6164
80111
9887
51650
5909
100288778
124221
56241
3029
90594
29109
203102
553115
10484
375190
3423
100505715
55754
100874207
9113
5272
9788
79003
199974
51678
11080
10772
92270
824
55248
388630
513
642
51322
79622
91419
84934
126382
79903
344595
221262
4594
84167
5884
219902
2028
10217
2892
113828
114294
51586
84944
509
152877
79134
92017
100506753
101928555
54923
55669
90161
101927667
3600
253935
100506779
81706
100996590
286336
375449
284076
9093
2596
51616
6228
11185
23390
64793
23432
2224
2132
23170
933
26091
8632
340156
144983
2307
283870
1429
51259
100170765
374655
51008
93550
84328
100874241
64333
2327
54558
101928399
9270
8633
10618
112724
10903
163227
90313
79850
26020
11215
4599
23637
147804
100130370
4710
284217
110599588
203430
84327
51626
100874054
5049
755
93973
11098
3136
8140
11065
53615
166785
8508
100507633
353376
29958
100134934
10135
285759
283643
64943
84321
339105
140809
25894
339201
29907
91433
84436
54974
118472
202658
729375
23360
7840
55567
4300
23326
100132077
400566
55643
10062
81932
25999
57613
57519
79872
100996437
6130
338599
91252
1676
64779
400451
3292
55017
8379
25940
79982
134728
255631
259295
170959
84947
26010
29774
4878
106821730
84255
4291
22
101409258
728175
2329
53827
79742
85463
6886
80020
105369632
1762
26084
23193
79883
1635
56902
284346
22950
9663
9465
284129
84432
387509
3425
576
8404
7461
4248
55037
4882
100505664
9488
5305
113444
79600
8174
55168
8793
8454
8904
51690
64881
9263
163786
84365
100126793
28976
971
1018
4624
10473
80174
29994
54869
6799
3842
9491
9459
400793
85315
95681
131034
83450
670
57730
9448
51728
83483
339448
79172
64222
170082
28996
121457
154442
51016
29945
8722
122402
285855
9046
151525
132
23384
80856
126006
6271
79843
374887
10427
11237
7965
83592
22848
2531
7040
2800
59084
339175
85453
284325
283860
79587
55222
7866
6281
5464
160897
100131755
902
55068
440119
6253
223
51030
8558
55352
167681
80352
147965
286
343637
1417
8764
10982
9110
201161
100507086
85007
57643
2298
7979
114908
157695
2041
116238
102723517
64780
8499
80142
56947
54988
114625
153241
120534
653238
11131
57486
100130987
400794
4489
100996492
23268
1388
55116
8971
253769
6197
138311
124989
51231
145173
6548
5190
3251
3508
51646
101928274
268
100128081
100129396
2215
140597
133308
89894
7288
8751
51692
100128822
64788
23467
23788
23065
64928
65260
221496
6224
192286
64764
11059
23203
56133
7248
29104
84902
5524
9127
293
23026
4287
9552
204962
23059
84300
7075
4902
388335
100128782
84073
10682
56204
102723728
3108
29989
4646
80328
727956
5080
23224
7163
7011
386758
162394
286097
10285
166348
51601
388336
112714
10399
26054
4647
60412
56169
64064
7771
474343
1059
90416
996
9238
79364
100272228
1513
5777
53938
83707
336
6166
84910
2677
84916
2669
7100
11316
284349
4931
25790
5947
6913
1173
400960
658
200810
54898
1984
4046
8910
3930
8511
84650
101927726
441151
389941
5425
127428
23131
81035
728118
151987
1723
100270804
93986
5387
27342
3601
90353
3911
100506674
8382
148113
339906
2526
1859
89885
283131
162514
4772
144348
8303
5768
57547
112479
254122
79680
84305
10717
80006
55753
5426
471
104
84858
59349
1795
158376
84319
64756
55250
728537
8841
85455
158326
65110
79856
92344
102724993
105375013
349565
100506190
169611
254778
375248
387700
197322
131474
5562
134429
100129460
770
1902
80759
151827
578
101928111
59307
9636
26577
643733
10767
128637
93664
55790
389336
201176
132789
11284
100133545
7702
56655
200420
100507410
5214
80381
7916
83666
157753
8871
64432
9625
91695
101929402
10039
100885789
6480
27095
84856
11108
79817
51218
51067
339479
284058
51660
100289678
22885
25875
157657
55119
23609
11116
5934
26470
646643
10198
10556
54918
728492
9963
64114
9640
25895
217
55905
6442
51454
23536
200010
64428
5818
54939
403313
5924
56922
754
51170
84284
55722
283383
55601
10457
147011
339559
105375666
219854
2738
2230
100288152
84679
1312
83861
23648
7296
29802
64221
1366
64283
22808
874
2664
84769
728130
2630
51203
4648
101928174
55957
22906
7411
9103
8322
105372233
284004
55796
10748
425054
347735
79581
151258
10793
25833
55958
116444
23760
79908
146227
113622
10038
79066
6304
10082
100507557
3242
200316
3561
84128
79716
23743
6203
50506
11024
440823
56984
84532
221656
6638
8624
347918
100132707
10218
91612
10966
56904
7173
90736
11170
22924
8269
100137047
101927446
50853
417
55672
57559
441172
90268
101929212
57380
55071
9391
10884
5138
161291
220074
374977
439921
92
114884
8894
9170
100505702
442524
51548
27253
165530
79158
9644
2205
100507316
7181
730971
10195
284001
1508
51277
5095
23507
23550
84062
80321
6867
10536
219927
286256
54849
4548
53832
110384692
3419
4907
57599
2252
347853
6016
9446
1890
1238
115650
100996342
55066
100133205
10755
11035
5790
8623
128178
147947
114987
9605
1161
64769
25865
55002
84285
100130855
102724984
9306
10128
100996425
51368
3712
100130172
105374836
26499
150763
11119
1564
113457
170371
3115
285550
9172
256369
84217
3834
10110
9415
79896
27125
84439
81562
100049587
3628
440345
2766
100506469
201595
55214
9240
84894
5064
157773
9454
10343
948
57562
80022
126567
221960
92922
10780
2548
91942
54520
7083
85015
2139
7837
79927
79630
114915
79575
63932
9883
6710
79616
55786
392
200132
84282
5819
53342
3316
1434
91869
1200
25917
55163
5705
284352
8803
9878
390916
55204
80230
8545
118924
100137049
80221
25819
730051
5330
3373
100528032
148581
2590
7737
83643
143098
90379
84948
63979
101928530
102724594
85460
3692
9806
2268
149775
4683
8260
9125
5201
79174
1400
79672
122553
2286
6598
55346
729440
8763
9993
400224
51308
100101266
7520
3033
9842
79007
57821
23549
285498
729852
1428
54981
25996
25989
9048
55345
55324
27010
168451
5360
5309
221391
6764
55582
83939
3431
5336
10978
79000
23318
9039
338799
1116
154386
2936
11223
6332
7423
100134229
11218
132321
390637
1066
101929128
7412
3250
8876
140461
842
23013
79132
349152
55572
10252
170680
84318
55666
9167
80329
30833
9820
4493
28966
51318
49856
25871
26586
7705
25956
55773
1080
259173
4724
79098
3700
138429
6369
4343
8408
6821
29103
10216
6902
9013
5348
142685
147372
30001
2996
2275
56126
6697
2683
10486
5575
7743
79955
368
29088
101928036
54
54535
10371
2069
57464
51078
84108
88
7917
55170
148789
23474
6622
92610
206338
126549
101929479
80306
2312
148898
10752
78991
55871
92211
100506930
10230
5506
79705
10455
100288332
4051
56931
64792
1636
54360
27065
64098
130733
23177
6728
100131176
28982
54550
6513
28984
9104
80764
55062
100505915
8131
10266
2208
201292
9061
26297
5315
10242
23299
55755
8372
164045
388753
57205
6207
112597
51112
5635
10425
22844
4547
55644
124404
9358
3231
221336
80231
54680
55105
55103
100293516
100874011
285464
25845
4905
6787
666
84867
79142
283755
2739
7146
219844
51477
79736
165215
54960
5269
401428
483
100271927
85359
100505495
7039
353500
400
283335
11027
390598
100505876
147699
8572
400713
57679
3382
7728
51160
158747
85369
55655
1075
79644
341567
2581
4969
65977
65009
131076
5519
1742
25936
1468
7178
51093
64601
284307
79086
90527
10233
26015
196968
255394
51187
83941
55599
81609
56935
84148
388403
29992
22821
51122
1947
57505
55769
401541
348327
101927258
127262
6231
409
4345
8685
105372824
6506
150771
4065
6181
255104
440925
51110
92014
5460
284358
140733
55614
1012
5984
286410
64061
3145
11054
106144532
56926
7164
83473
22900
51141
10243
284759
6509
101927612
7205
5796
286178
7562
3486
219537
114757
79080
8826
6817
23061
9466
55900
28970
102216268
5283
6007
728673
105371492
161931
10156
197335
54943
54996
91687
22932
5372
9731
220382
60385
57674
94104
55332
400541
994
113402
4148
403323
11145
349136
8481
4040
122809
84162
728039
100009676
203062
105378853
9455
161502
10776
54908
55300
2185
677810
389541
202333
115548
11328
79571
7329
100129842
1717
692205
9867
10426
11152
5939
313
2000
819
6856
645752
266655
7432
253868
154043
285598
154091
157381
130916
55847
5244
83986
110116772
60626
9652
10956
79414
10007
100289388
4357
5825
8416
57096
50940
136
57097
115701
643008
202151
3784
905
10819
4860
23179
643837
117246
9060
1522
6755
2023
101735302
55627
23187
6605
2309
10588
1801
51643
22981
5570
25870
11337
135112
55341
10897
91283
55530
23035
83719
54675
116143
92259
9423
64225
115098
55897
641649
8776
10806
55816
1633
22980
127294
84874
284359
55159
84976
821
11325
10478
4635
51227
55165
23498
23765
80781
728489
1112
2562
106660612
8544
7225
5343
206412
26278
26039
51123
26033
652276
1828
374969
6815
6633
5184
119559
101928079
64077
11339
115004
117145
22915
23265
79791
210
55258
10081
64981
55147
8027
2835
11336
23759
400941
7190
5636
53838
199221
58480
147645
85363
100532737
7517
79609
9980
8612
199990
27309
100131138
1184
84274
285419
4712
100379661
131601
64145
55013
56127
200726
5995
8693
201255
57488
116541
100128242
9440
9338
51102
112950
51
100131187
114781
7099
125893
166647
51100
123722
94158
56006
11183
4650
3139
79139
339290
2775
84182
133418
125170
83938
84888
339230
23508
158248
6625
101930452
79788
58528
1102
285704
375444
7499
11064
9737
2201
441150
5592
50489
133015
6133
134359
100289635
8629
81858
55505
8504
7311
50619
7318
9249
7784
152002
56977
101929302
101927989
171177
80700
6386
60343
8417
139886
7781
100190939
83982
23033
9755
4920
100506161
1187
6405
146760
54700
682
140462
5601
27233
3622
285193
23430
92346
6263
147650
10411
163051
55741
29058
29028
10650
79603
641371
140699
84172
10917
144363
4296
89796
113246
57798
4438
3131
23218
6208
84179
170679
84833
23054
9903
51537
400410
100507436
123720
154860
132332
522
57130
25829
100288332
4750
8576
357
7534
157697
2017
2169
221154
400798
51074
348801
9918
10526
55275
51285
374569
80213
51106
220323
6441
54982
164395
112849
8778
84549
26472
221981
387338
3127
2203
554206
79165
10732
3948
2055
647286
57683
5481
58504
11094
51011
404220
5067
56852
106707243
10781
2643
977
439994
10111
728340
9380
728730
84968
6038
2784
146433
441518
100506660
84547
23213
8214
60528
130540
2054
9117
60488
55026
51057
1719
1176
55640
65999
283232
196475
828
84688
100505806
51094
83877
10227
5158
92340
11136
57794
2793
7453
728498
221711
83858
30834
4725
10291
63908
100379251
346157
100419583
5533
100131454
100128124
1291
404636
375316
79643
8790
83892
2195
84310
55558
57019
5899
2597
9657
89876
84498
23315
100506686
6136
2585
5373
440894
25842
4830
163115
84298
6566
23371
107080644
51673
374986
51742
55280
2235
100287362
136051
54936
23683
10693
284443
9690
80323
23144
10768
685
84270
79017
5977
10509
137797
134637
56660
25834
27434
65996
54801
100507006
7516
28231
477
105369230
9674
162494
101929709
10753
24140
7102
7539
119710
100129794
56704
54539
6678
4222
3899
26173
57596
165
5510
4175
1138
58533
3909
414919
137886
320
642799
110354863
56061
84852
286103
84984
93210
5698
171568
5654
100506385
84279
8859
9353
101928303
984
101927597
728464
949
80351
5660
55007
1058
51096
129531
79001
80045
1823
825
64976
51166
55160
57110
10072
440248
3619
26097
220906
100130889
166793
10463
143503
388182
23057
164592
60493
349160
60489
84456
23500
55902
54991
57705
252969
253714
440087
57817
10922
10382
56888
2580
2487
84294
101928058
29881
2316
10567
29081
53947
84570
8120
51205
114049
6900
284184
29803
54852
643253
10412
54441
5885
10384
399979
257407
64771
3980
149499
168507
6580
51176
101929031
130271
118487
51207
4093
79814
340481
51172
25978
119016
9519
101928000
2817
9351
9702
83641
7733
85478
83734
79902
440138
10123
374907
2806
3782
64430
29990
57710
83598
54504
7753
106660609
55146
23220
374443
10206
1787
23145
9321
79748
642946
9824
91298
80832
1370
51144
79685
91304
57209
29894
64403
64091
7378
653519
148362
79750
160364
199223
1534
101928307
79095
486
114926
79091
100996709
51293
100289274
158471
101927793
23234
1763
26580
9173
284119
55075
24145
107984660
100506551
645811
4835
145258
1590
284825
148203
101927765
152137
23586
116969
5046
10488
23162
57835
125150
11017
51232
4123
388796
2140
462
20
23313
51399
653308
80380
64785
55856
29063
57057
84790
152206
441212
64400
112398
65979
3059
153396
162967
51021
117143
400999
118460
84317
158584
27097
84899
619208
112487
7484
2068
730101
29121
128308
900
3855
387646
55137
222223
79986
10811
100506555
5297
7543
145748
400236
54732
283987
6751
23582
256281
26001
22999
55625
63891
8501
100422558
56100
55074
3212
9751
8569
102725022
90273
65990
100507308
150147
9708
342908
79085
401152
647979
3105
5465
6623
56890
9028
441476
5450
6602
113451
23308
79792
56985
11000
1353
1909
148189
8190
2968
79663
55283
7266
100507567
153642
1809
728554
80209
7058
51520
29916
28986
160857
57337
219347
55588
151903
100130890
440498
100506476
109729181
9677
8086
283927
101926898
161882
55968
5801
3357
3684
101927178
23211
10211
29911
102724532
6919
10500
5862
79147
51250
26515
148932
9900
56650
10296
1476
26094
25
100505767
105376805
23143
3785
389170
134266
7216
155066
51741
81628
29085
54704
3355
5179
5764
79075
51228
100131564
8737
84245
338
10544
978
201164
1314
5364
55744
140564
201254
10590
6158
338817
375260
122525
550643
103689912
3898
966
7627
55839
81603
92170
197259
100532746
2584
1521
23150
653712
5733
8662
401494
57586
2172
54937
7730
728485
100129583
116228
79675
79631
442578
5881
51065
127700
78992
23158
340061
952
114044
3912
100506258
6137
105370906
79947
55757
130132
115992
114796
253190
84950
10319
26155
55454
144097
64788
1
10057
23569
1815
64776
256236
83604
10927
147658
147081
229
84153
1432
84930
401022
133491
84976
9342
50636
121665
974
642852
56927
101929736
56659
55231
90423
100505894
4282
6820
126789
10461
27439
3135
55112
85443
80150
23398
523
9908
63914
23420
100128881
643866
9899
1938
26519
51700
57532
643355
56623
9397
8540
729013
2218
9784
80148
6048
100130742
2622
353
100316904
8936
2184
143884
79682
7109
84996
728294
105369850
55860
2261
23098
55016
793
401474
3142
57156
5211
5133
84071
7251
2110
100505636
284900
163702
8574
54993
90624
25825
84527
123803
23252
219285
6194
285755
10078
222389
91461
534
54820
9801
55166
80315
55656
9919
102724985
653464
133957
25987
728769
57189
377
51622
9474
4283
81688
283219
79901
29906
51191
6607
1188
9021
2949
54581
642987
27300
100505687
84109
54532
113115
440275
55898
129049
120863
26231
84557
23705
284348
1129
123036
337875
55909
10288
115557
346171
55629
29946
8395
5162
388591
29984
285148
27297
9095
550631
1600
730013
340198
157378
200186
57118
5687
9858
2199
25898
51196
50944
5345
151449
55449
3595
177
26002
9882
80254
26354
51244
1891
9382
285525
162239
26030
443
4239
9341
64344
23164
729970
644165
9363
25824
135250
54496
100506688
115330
6631
374378
6390
2159
10180
23321
9696
283933
9884
9616
7127
129401
80320
123207
8754
254559
402682
253039
8050
3768
56255
222584
57786
100506070
398
26063
171392
206358
79029
1036
128853
653513
2911
165631
55748
100506504
135154
66004
8805
540
2879
8228
90557
26548
83882
8195
79041
51778
100128252
5129
10821
113277
54566
9675
8317
84455
23671
54986
22919
64757
284942
51042
441191
54874
84720
105379194
58472
4215
147798
6786
5711
6726
55102
6499
388566
57602
6945
79934
3094
389362
10424
6550
146336
79133
10450
5303
64714
627
5350
7390
258010
283349
170487
94101
8842
3690
170384
5476
84084
54799
101927021
1580
55256
128272
55011
105371058
10591
196883
9022
445328
2186
201931
57458
5378
5829
399818
196513
8717
79694
15
10985
728323
84848
374383
101928931
7106
6662
440081
56128
57478
219833
10531
3020
221830
8809
90326
285331
735301
58477
730394
57226
89849
653583
4055
23270
9158
253558
56897
92949
100505875
144699
147463
388962
100996709
729978
4814
64900
1583
1486
57544
338692
202134
25778
29982
5024
80212
81542
51540
4033
57801
149281
64927
5157
2560
3953
9812
255374
100499483
441869
57623
107985216
11315
301
100505573
9547
7182
340267
84529
84617
23259
203859
1043
4660
26157
118426
6119
60672
79649
2729
1727
200931
54516
10908
399668
2167
201163
117583
8897
729665
323
8774
91147
116028
537
25792
55253
51374
6456
84680
54149
83667
10746
57188
111
54543
10445
9957
26086
105369748
5536
222696
65985
10916
4864
7035
27430
5016
23528
90324
100093630
9196
51306
100128108
38
163033
6035
92591
154197
51012
11191
58494
100506083
23410
389058
642475
9141
23093
102724231
5893
55843
375346
641298
57552
6339
2859
253959
200312
23086
84240
57489
54896
3118
399948
64418
337867
57187
66000
63874
2874
64744
137872
80086
23421
105378085
201229
1646
23139
7107
64770
115677
26751
158293
6844
151126
2570
344148
54872
283726
155060
391059
107983993
493911
1962
117155
23587
6882
8987
4665
101928378
26276
64110
64115
112483
3038
283989
165186
55064
23411
64794
283970
8892
4706
345630
23555
27102
1611
147687
9885
7475
81550
30815
79607
146712
81488
119587
3270
113146
23046
130502
64236
3964
84618
84836
57662
4233
10023
122416
3587
23157
29800
5279
8087
387036
23585
100507475
349075
26092
23200
2944
9453
2149
64073
29966
4534
7172
103611081
729296
51642
9528
3778
117248
4733
79741
26220
85395
55646
10335
3983
7571
284185
55340
147657
10610
55234
6039
6745
79621
692099
2537
51260
101927599
91369
55823
7323
8988
442590
84278
84525
157638
118461
284751
6734
441194
10892
84709
1907
57134
2564
115019
79943
390072
123872
9214
317662
6154
3149
375056
64105
84869
79092
8315
4605
147685
503538
79772
6344
8518
1840
23125
60485
3163
6143
728431
56849
102723924
283578
51114
54887
9444
84942
340348
114879
25879
79912
8541
100507602
23786
100505555
4653
84749
116535
100506368
57536
143630
360200
9798
26263
199857
5830
4774
100506035
3480
57190
9671
26502
26275
9984
441455
5116
79846
10229
79050
115106
8858
284047
11022
285315
3918
10336
54795
50651
23560
8993
1345
60490
389493
162972
100505501
6853
400506
58496
5160
79629
79363
114984
54997
100506874
3028
358
6222
8884
2356
55743
10951
100506054
7813
23276
912
3908
100533467
97
51550
23271
7283
11257
115817
145407
55028
55344
150967
152573
105369205
25961
89790
92342
599
100131434
80006
51162
51226
342945
9337
374899
57402
51317
9410
81889
3265
84707
55633
49855
5734
102723927
56971
58529
124044
221477
8605
439965
105369364
5002
51099
25934
83743
7879
101060691
9526
3978
7580
339366
6453
220729
9722
285362
285386
590
145814
83597
3750
221927
66002
51236
2592
8412
23149
3155
9848
26270
3182
101930085
643988
118987
8898
7301
58509
101927541
283888
2542
54902
375593
284618
6911
57469
2700
5000
54842
57158
2840
375748
55664
222068
101410538
56155
100507477
64218
100506497
9830
3656
9419
7442
64960
10681
400746
5339
78987
79572
1774
8539
259197
5757
113835
7158
10519
637
133383
93100
105375355
378805
4668
100130887
26164
4137
5836
8672
79719
54961
55255
163071
345
51599
1122
689
27347
647310
908
25854
4277
105378231
5696
345895
7059
57117
29775
54629
200895
152185
1654
377007
5443
9524
51168
2246
1525
9308
4820
6251
84437
6444
153339
196410
342132
5955
64863
5141
51154
1268
126668
285962
9220
54879
27341
199777
147660
80196
5205
6563
54557
6229
10841
84069
1363
51324
6606
7249
142678
340390
54509
23475
653140
90525
388531
286343
81
55764
80162
101928464
55829
148867
339324
26112
22904
56729
118433
23302
57104
51754
65251
91351
728642
9477
410
84929
93166
285154
254295
100874188
100128025
63977
57799
1571
8664
10456
124411
84033
196740
101927755
11099
100130522
57687
553103
219970
197350
10809
10428
8705
10396
2887
401647
9620
116447
8714
11270
284950
100129215
5787
79153
3956
7694
2787
7363
64434
10102
9780
54498
8512
3428
4501
65123
79993
23639
11194
10068
282890
285830
195828
7776
29888
5480
317
5050
51816
9967
6477
84649
100131827
84515
84954
101928205
4704
652972
79804
102724344
80267
3396
6540
317762
11209
151313
124565
100287902
9452
401491
22797
80347
100996539
503569
90861
10553
102723854
83696
9325
5961
100192420
8530
79042
9906
3633
55312
26286
11285
4361
53
4122
6611
2953
120526
1975
57099
2675
51654
166
5238
1175
144193
400709
84623
23310
56994
9322
1022
6518
10483
3321
729830
79774
3687
101929717
2591
374739
100505854
51309
415117
22859
10953
80195
118812
10901
392255
26471
55194
5289
41
23645
653857
2323
9533
5241
9064
54962
101929074
859
54870
57834
79854
54625
148413
23596
283028
51279
55030
55228
285613
154881
2850
2620
25791
29796
4597
266675
100421577
79083
1183
2629
63905
84775
55063
646278
845
51177
2588
5522
220965
4238
54664
51272
23160
134145
286101
202018
57418
152015
84816
7292
65220
6942
146857
29954
151477
56900
126
10946
10458
140609
100129195
256051
3054
117584
3113
4731
26272
51517
348235
2444
84309
128977
6576
10376
7162
286122
84501
203228
2639
139324
8613
100130015
127495
284021
286223
253650
83692
10907
150223
80258
1466
161823
1346
148206
219736
6205
79679
91607
29925
10069
6357
3799
284402
378708
27284
148213
6419
1352
120103
57539
100652988
118813
647859
493900
266727
79442
100287171
7448
574406
51085
9066
57619
664709
4176
105370578
257396
5176
80741
151507
84993
54544
5738
55750
7264
101928663
55006
84693
2661
9098
135138
2947
51379
127253
6838
387680
55286
3987
54949
123096
26122
27063
130872
9666
23640
6688
1789
4851
401288
533
59274
873
117177
8837
2894
439931
29062
29968
4696
100506388
100130958
1675
50515
155054
23457
6655
11332
168374
55124
51490
64081
9760
9361
51768
2050
8302
55679
65258
4708
3902
89122
728927
5571
6776
57761
101927056
22826
92105
54584
246181
79078
653784
7932
79087
11078
1145
9134
1120
401320
147686
92815
54760
79701
55225
392617
388722
29965
8312
4705
57819
55140
285349
1101
25780
100287639
5025
401431
440400
10019
79632
6487
51335
83888
245812
79585
5271
148756
221002
7556
83999
92305
577
3673
282991
1520
9961
79956
345051
26
10894
84886
23306
138948
29988
5023
728411
440193
55357
3032
171546
145581
145482
27199
101927289
90529
7915
26090
84909
7565
10347
9517
151011
100526832
5074
4320
149837
126375
6997
116254
100507537
29902
65018
257019
7084
2352
25959
83787
3739
54930
114783
27348
84253
80821
105369391
2997
65062
1964
7105
158160
3069
8733
285367
318
84545
339535
85444
51127
921
80224
132228
2521
6892
51447
64975
55779
10046
514
9077
113174
440145
113419
4798
554203
27336
56265
64149
101669766
23312
515
79963
5689
100996643
140545
6300
6132
100506178
3992
5316
283314
55504
2776
4067
66008
570
1608
11007
2013
8815
4521
255027
81490
11127
10333
105369192
84163
169200
23466
100507055
339512
518
259217
91522
23386
80173
126755
10244
10052
836
101927752
4047
5578
9866
6648
389558
55109
132241
2166
9564
5817
55061
132851
261734
26260
1615
101927590
29094
91373
10345
57343
5322
1653
2901
4700
9231
8531
1999
100506700
3910
80270
7466
6217
83642
50832
85302
83608
54929
94241
2950
8528
153769
8567
10533
55698
117854
90990
23592
171017
8128
6649
253264
5648
10003
84837
10326
648791
148811
283899
8216
9774
90411
60592
283377
51560
7841
4281
150365
107985200
65989
55616
84329
65005
100288413
54885
92822
84536
11019
23770
103625681
57228
3957
84336
51691
28
57405
27247
10036
10663
594855
326342
10699
26509
166614
56062
219931
8909
25930
57479
23239
64089
9179
119032
85378
2937
6356
5439
8490
272
5793
55236
117608
51296
7716
375133
6470
768206
84277
201514
55208
51409
55859
7064
64710
730102
112268338
9154
27175
10962
51657
27109
6664
5199
101929524
2072
51019
11190
90293
113
26123
125488
309
728577
100133091
7298
2764
3490
1160
79847
112858
101926892
5096
81931
375189
7633
101929730
11133
55297
80012
148022
2331
6843
85439
80851
100134368
2946
3988
256364
5782
51367
654433
196500
56124
116349
8658
51337
79844
51290
89874
9697
1244
9456
438
51372
54987
83463
8707
6230
105379057
3107
57608
30011
1025
6193
27346
4697
552900
9860
58489
3838
10627
4058
2517
100775104
60370
11340
65083
10550
11101
8309
8797
51301
10507
55356
7351
4072
51018
3065
11262
140825
1373
9626
58155
2175
353088
1387
10623
388939
63915
93622
391123
7572
3311
51504
8099
25771
2690
57125
9487
117
221442
284390
9486
1164
6187
80342
78998
8634
144811
55003
6047
57463
23446
64386
10040
101927809
100287482
84133
1663
2262
441061
23351
51082
130162
100287036
125144
100130311
2264
389690
283229
196446
64748
100507642
55620
54802
102723475
283417
1375
64965
107987423
4131
57407
53371
7639
101926896
10200
3708
22846
100505879
57531
2790
58191
1740
283663
11124
23615
10219
124093
80309
34
10758
10921
349114
501
7086
83852
7528
54554
611
246
221060
9516
55031
727936
3921
548593
64949
55276
2071
9886
26235
51201
6336
286257
100507246
51389
5148
6642
650368
25764
790955
2912
57045
10079
26995
51035
51103
64376
219348
105370854
3915
729338
6667
51149
23132
27158
122509
3704
9759
10385
80755
54973
2768
4644
79729
6581
56647
51060
221955
57699
51493
5723
55106
11187
2681
84657
101929552
100128682
730268
130026
101929549
27031
27072
89958
84941
2760
10636
55320
4919
83943
252839
9781
80298
54475
64848
170506
404281
197257
8522
64170
643180
29922
386757
619207
152519
2232
92856
55697
93233
100528031
240
3
83862
100506714
118980
11168
388567
11051
65975
63934
124936
7321
54970
63898
143872
101929422
90485
100652739
147968
9648
51752
101927189
26226
197187
2137
8888
55766
51028
171484
91754
51209
1892
54453
57553
5719
4240
6389
146562
25802
2568
100506428
101927115
10947
395
10616
3073
100506314
56954
7711
317719
5163
63923
126526
54890
55622
9875
130814
162962
57393
56912
80818
400617
11097
79746
4069
6274
7918
3093
80235
847
100996251
84135
5191
81839
10287
11253
101928100
400043
728392
2153
10120
541472
653689
51522
6234
102723540
84814
55118
51398
51361
253017
253018
56270
55183
51571
7456
105378949
79728
161742
56681
64745
143888
8547
100505758
220972
10726
3433
167227
92400
126133
1757
22853
2785
100505635
3137
55278
283807
196872
10954
1155
5001
101927720
283575
64208
284612
4856
84333
114132
8637
399474
23230
3752
105376159
7417
284385
29944
84256
79918
3482
101927117
79574
51386
643406
11102
2878
57669
158135
79834
101927636
100507297
340277
54758
54946
56899
1629
51023
162966
79858
4437
219293
5352
53340
2005
10466
2805
100505641
148266
10558
200958
728591
146198
100507530
100130418
83439
388152
107987373
79081
100128750
84692
23140
162967
129787
649446
57700
63826
147746
4209
51531
55274
1396
128387
79890
83442
6009
51455
5822
79867
5208
10201
11277
89837
10637
57506
84750
84971
960
57412
7345
79144
6277
7265
57128
644660
100505549
22888
26628
57181
64978
134218
100131067
80726
441239
27068
1946
2770
100506380
9717
59345
30844
1415
6727
79759
22937
23015
23287
101928123
64599
100505679
140456
84936
51594
79628
107080638
8788
91978
202052
2134
11034
8490
57169
5879
54777
84440
653316
8560
646300
222611
552
79744
100505761
7617
285834
80255
55178
10930
23395
55367
51185
23263
57176
2710
2802
105377105
55592
25839
2628
8940
387521
84875
10179
115752
84276
2954
1528
2678
83640
7140
11159
9695
221935
8237
389203
1340
7398
100131320
100506736
55034
7812
664
4601
29125
83933
79634
55086
165679
1824
4783
115024
1186
64231
51171
401577
23530
6375
2706
10965
147184
23169
80757
101929777
339400
468
100129405
24142
23062
4312
84334
5209
2650
102723828
154467
79780
2948
6392
6895
25862
284403
219731
10251
56913
869
84057
80739
51136
10025
9054
273
54055
9555
3128
5649
8674
653479
154141
2687
8550
414
4824
9831
9055
94239
122616
414777
79863
23020
157310
23658
125875
57198
5223
6778
622
54536
4582
101928053
1512
51426
10257
100996419
6834
23341
23052
1306
128338
2052
10392
390980
150962
66005
55937
3106
55650
10566
11015
118491
152110
80119
728661
84326
1810
161835
29903
7267
7138
255403
29920
51427
221756
10737
26505
2882
101927100
4591
23399
80039
10256
102724105
8324
106480429
641
6695
1756
285359
196264
441374
8273
8759
84221
55245
9235
2653
55259
100874114
56833
5980
4157
90007
124
246243
84722
254013
55199
79692
725
115123
6650
51206
338707
23379
255231
3216
6184
2868
54815
5434
79667
126917
6904
729515
29842
285266
54840
993
10063
4720
25921
9725
376693
54980
64359
114900
440836
79071
26095
100132273
284323
596
9581
9797
84973
119504
79786
9746
148252
5925
26287
654434
6006
171425
2241
23387
57571
23192
54965
2557
158228
9892
3685
221264
145864
5663
1140
586
414236
102724190
147841
4258
1743
729678
80731
101929145
92579
402
30813
6175
221393
28974
9140
60312
7328
100505591
5428
9829
7082
55268
8534
55177
55812
124751
201266
93134
55020
100287569
107984921
22996
404037
374650
4237
79827
6717
84267
6833
79594
29101
84701
79668
9412
57037
2
10058
100129434
1822
84281
8500
10351
137682
143570
23632
25974
142686
23641
84914
54899
5026
64410
8663
5172
81570
91750
126433
54807
51312
379025
7019
11267
10005
64332
89832
6731
127396
129303
7415
1535
6448
1124
7757
8731
10861
246175
80169
23181
339834
51005
83932
55139
51397
80313
9701
333926
254102
288
9915
308
84065
9917
9741
6525
3146
105372522
5052
83461
5090
102238594
25847
51175
231
54093
5978
1339
170961
100129550
54148
731220
200014
1299
84795
51128
840
8100
25874
51000
284427
125704
22871
345930
405753
80737
23479
6240
26027
27314
150946
340385
23255
55094
51497
124454
9145
4836
107986100
85459
203447
55604
84288
84264
6936
79886
116159
129530
7089
9063
79670
51101
11180
284110
3304
60484
3340
57758
51661
54414
100507501
30850
63926
2534
10016
3421
128153
6542
55862
7486
2039
57670
100507321
29078
100506881
23184
10578
548644
10675
78997
126969
84766
719
9563
221937
10190
400927
33
132158
1215
6868
22809
1780
757
727866
57587
283459
255812
10799
100506697
90102
55213
387590
90806
644873
89853
9976
542767
52
54998
3042
8220
101101775
51257
121456
10592
57708
22944
64789
5274
4831
57610
10603
55196
79077
5890
79767
23231
5538
23094
29091
728975
23155
402135
202051
8872
92285
55093
10570
387882
100037417
572558
1460
9912
124359
253559
3663
11083
11103
24138
55343
10815
80307
223082
79783
5034
55848
29767
92840
10678
11005
23064
646588
79102
284439
80862
10964
10267
26266
8225
55210
25817
10691
10528
140701
84928
57511
28977
122060
126326
81704
150368
84250
143384
841
84449
139596
92714
80305
81606
440335
6050
284371
55713
1384
529
26258
92799
10299
51744
25981
54059
84124
5919
2645
348751
57526
3931
55971
51634
11091
197358
8233
27248
22847
6322
54940
27130
51161
100216479
1797
9583
81888
822
3096
55695
8444
55776
643836
285389
644815
22925
152926
23107
63967
26074
200728
9025
4692
1397
51084
84246
140606
101927280
100132677
123
220594
48
79605
7678
3420
92745
26234
1738
10622
149986
146167
401172
56829
9827
28971
541471
338442
153562
100506060
727851
51668
3790
5396
55771
64645
10653
3818
25941
8671
474170
118
84196
103344932
6854
60678
4500
57191
221303
10011
9402
6100
101928509
284802
1949
9399
26133
84056
22897
10505
2783
5445
2151
387628
256643
284040
728613
55731
27286
55798
90075
4833
56996
92667
55857
54660
9742
149478
30849
64753
51142
10421
1609
83539
7389
80222
4285
5167
10518
643719
55272
64108
653082
100505783
8804
2051
56949
94121
192683
162681
8556
80817
10584
100128071
10342
147670
400221
85026
760
261726
256714
118881
55510
23223
6043
441168
51097
7993
427
100131089
140686
7481
401190
56937
8034
955
100533464
84939
7802
9197
414189
81617
100507564
11041
10073
8089
57560
2958
23564
140465
115861
150465
643707
100129534
1657
1632
23295
5937
115560
91012
57606
196951
100630923
6414
2150
23556
100129480
9128
54865
3914
58986
56675
154214
11107
56254
79673
84689
163050
7185
87
101059918
10522
170622
4099
8495
9501
102724316
57572
219771
51086
6890
3360
10255
260294
408050
84516
643072
11177
256158
5685
102724827
50863
261729
53829
7699
101409261
26207
125
644
83690
2064
440278
326625
51274
8568
56259
85476
80279
151295
57101
1953
6652
89846
132720
55027
643529
60598
400761
56925
498
1737
402055
114790
1659
100506826
286148
84895
5770
27
101929723
246721
1876
224
10352
5876
1404
219654
103910
51649
50859
79625
9557
79820
105371374
117283
1445
645
7686
153579
23075
4987
3694
25876
9911
728190
65124
28959
11321
57691
9258
100499405
100131211
64897
10056
335
10490
1734
5188
441478
1942
148156
3475
79758
5595
2222
1672
79979
348645
1355
57732
158427
374387
169166
57142
1804
55788
22852
133874
105374366
23600
65012
112464
55717
84225
147727
91949
22974
57578
6345
340719
6571
9053
3767
54947
54757
25885
100134317
5018
5164
2730
51020
56953
56605
100133220
9481
254552
54108
3232
79608
64288
9185
4736
5192
51735
9847
339318
101060200
219402
139728
81786
101929639
2524
65108
11201
23584
222236
55173
10992
80344
3098
259232
64122
4671
55805
55325
23014
9130
91647
146050
148229
110806280
84908
516
59342
285440
100287015
644246
7741
3603
751580
274
55125
81567
5264
84174
25861
285203
55365
101180901
51148
197258
23194
3816
51233
387066
23258
54853
26048
57655
101927974
351
4034
84809
375790
29957
55770
374666
91689
4201
54102
6472
105374546
93343
101928812
55257
51617
6118
728635
8824
9862
2635
7226
388789
84629
56203
7515
105372476
1594
9403
126820
6632
375387
11093
64805
27163
64787
23590
58492
730091
100861549
23732
84808
3240
100131096
3117
10228
54862
101928158
1395
55636
51303
339451
55040
580
6674
29092
54458
339803
101929457
26022
25970
80830
3418
3795
132160
79862
712
3234
29097
54742
53345
151651
10301
646962
730
84293
144453
151636
100506658
3074
221078
339768
5727
728047
105376384
22911
114780
100996246
3743
23534
101927420
23450
23480
440073
245973
56995
51592
102723775
55819
57573
64772
388906
170958
3929
101929548
120
55630
10346
90507
5062
55009
10451
64798
5032
9855
285590
119
162655
26119
23204
79683
91392
4293
10460
10092
79861
9522
101929407
728689
5870
5613
64130
64097
79411
57805
150082
55486
51382
5957
55296
57146
9920
5878
10199
79659
100506343
141
378
3661
8218
2339
7068
85021
114804
1857
5104
10801
2837
348110
25950
100507053
130752
1645
6041
50808
100506334
58527
401562
1716
55858
56928
9794
100128569
7764
23070
6206
26233
5873
1519
401262
23443
4636
29798
56983
347273
11278
30000
440829
339287
671
405
400916
65981
4669
5588
643699
29074
5409
7087
657
360
55101
6309
101927067
6445
60526
6730
23729
25807
55715
56267
27013
7873
4686
440
57502
116154
480
23378
64423
151887
55131
9678
6094
3613
79796
102723582
5276
64499
7332
202243
23761
219749
122830
64318
9720
124930
5500
79173
51253
7088
2788
79760
8801
137814
23327
1337
10598
729220
100289098
221
79726
253725
5338
389033
57763
23024
780
23682
9973
55216
51503
5877
151254
23464
5442
29780
10231
4752
81030
11147
10166
24146
116988
6520
10521
57332
23630
440270
123606
23568
6123
644150
377047
4155
5270
11322
129685
102724515
65992
253461
55719
120224
2346
6801
11140
54531
91120
10587
440944
6621
25786
11173
89910
728047
4855
81928
4436
4621
84134
25813
583
27043
10713
101928725
4325
6529
6832
84303
4013
55969
51241
8881
833
285195
57696
25759
101929147
7766
3749
178
201283
11154
340542
7780
641977
339123
2774
91368
64409
2060
148327
9242
4735
2995
286042
55975
5334
83636
55612
25906
51527
56950
100049716
54855
9435
8874
10131
6891
348654
57107
101927151
647087
9997
51375
23438
541468
1952
158800
54480
8907
7268
1203
3993
51195
155400
10100
283284
100507002
7957
6565
100505696
112
144321
6909
79816
9215
139818
56944
23148
55314
26115
57414
8563
55052
54221
889
254042
56674
6503
3588
205564
55353
26152
6468
8850
7718
29887
9469
90417
255239
29110
23163
57576
56915
6780
101928284
728978
54084
80762
11251
6188
653509
23
126231
11260
55036
201780
100125556
165140
348487
55350
387707
8732
54465
100128398
128434
10109
285596
114826
51629
404672
241
7436
54039
4780
7507
5287
131873
27436
83596
5165
101928857
51091
56898
55240
5913
27445
6202
150776
119391
6672
57509
255167
84838
7275
105369915
79762
2219
8880
85002
2583
137902
163
5518
84289
135398
124976
89858
5693
55080
51278
1893
114088
147166
10849
104326052
4552
8445
342909
57467
2070
286076
79415
9814
84986
85013
100507540
9262
84659
4723
8994
5355
207063
146862
203286
78999
84461
126003
11193
54663
149465
10750
64802
22984
51022
2665
146909
56181
65095
140680
6850
93380
8985
10501
24139
1288
137835
79877
120376
2733
5655
9991
4793
347733
3187
7112
10400
57221
338651
140739
114882
175
55191
91775
403
6920
221400
114822
28227
55157
7644
441666
11240
25937
64847
2965
2550
950
8665
100506233
7762
55680
51385
727758
254128
149603
101929733
441027
51332
23612
284069
114823
7589
345275