728642
101930085
6672
6819
55217
388165
100996288
730101
51374
158801
414332
54093
64284
100130519
122616
100316904
238
79906
84944
178
80039
7169
54930
10781
100507254
338872
5979
1186
670
339184
170691
348654
2042
92565
162967
27031
55090
54529
401124
100507530
10927
100506885
441518
57730
100505687
100506289
57537
1819
101927597
1984
728673
23612
161725
146547
5558
25942
285989
440307
27236
22832
462
147699
7373
819
6511
147685
1590
51629
64852
9231
3127
100507557
79736
441307
63929
79901
79780
4287
64577
51622
23087
785
23567
101928617
8111
388336
56138
27020
51271
483
6231
1241
643783
85463
157693
84318
10753
3823
84084
9220
3980
56000
168455
100126793
101928812
283856
389362
100507308
440081
54800
285093
11174
79585
114821
860
2966
7347
5274
93233
101410538
197358
728431
2639
728975
1145
101929467
10412
10486
5780
84818
635
7813
408050
163115
921
105369192
441666
203062
57226
146167
150142
23527
10550
79776
1018
30011
29766
7695
101927472
285962
201798
1536
8237
100873924
4436
51733
253582
51663
54826
51690
9808
440119
283483
57150
5244
10485
26509
10809
4848
90411
151534
728323
51031
147081
9530
54986
79647
5822
105375355
2729
155185
100505812
56144
79364
66002
10314
150967
130540
56953
80145
7697
4255
1801
3231
101927152
100506497
55357
154386
388759
23113
100289187
150776
317648
51807
25948
7479
253935
22949
26073
56164
101928725
57834
51109
170692
55277
10606
100505573
10998
4878
840
5210
127294
283970
4430
9141
79861
10737
28982
51393
6653
5425
1394
84925
4077
93323
100996385
261734
389812
4126
317781
6631
55227
26207
393
22915
10336
2677
282973
401562
8818
84838
29103
26286
9563
101929717
6941
55758
65055
119559
3276
80095
8506
83987
118491
118433
7743
11118
83938
84527
9353
202018
5119
10003
90416
1719
55668
222171
143570
80723
3250
57644
23780
107986453
23462
4354
285830
25992
26275
65979
54065
92342
388567
100874173
23683
79570
84795
160365
9217
84334
79844
4308
100128124
6402
23318
85391
100506476
155368
375190
692205
3846
90459
3384
4842
2554
26173
135932
100134368
128272
80306
7146
259173
143903
7453
29916
3112
2205
51019
26119
3821
11138
100131067
55374
10526
4735
54441
642976
66035
51204
387486
1375
10748
54890
374618
643529
1159
57089
389084
4000
2028
144811
93664
2298
55653
1565
55781
642946
64216
4359
219970
101929224
80152
23023
65258
268
283232
148811
100505538
5825
474170
158067
1259
27319
10469
388796
3137
55860
51490
284521
92211
54055
130162
642852
730005
653464
523
253039
550643
261726
9173
80724
311
55147
54892
5630
2322
4794
221960
2895
8458
79629
107985216
100130887
5152
126731
80329
89122
64218
100652988
105369154
441191
100506388
79979
727956
100505664
8538
5184
2876
442523
400410
3628
105369582
1244
254048
100506060
100505746
51601
51119
59307
4026
1307
646278
91695
57393
441168
158160
6137
100049587
5136
35
2790
55669
51752
4905
2104
113835
399818
643355
7225
54879
102724515
130916
132001
9321
219347
100289635
11270
51030
81858
27341
203197
146712
1663
4695
6206
79087
10352
9701
9801
79854
375061
26056
8404
118460
10326
51256
9456
4233
79716
284900
114801
100996437
1393
116150
79830
85365
84727
5575
28977
105371115
124460
3148
147686
117166
79834
22848
85445
8836
874
23196
9189
154881
100505879
6240
23145
116173
26227
220004
283177
144699
4843
650368
9776
6652
79701
728130
25830
51458
80313
114904
2053
7803
220323
23729
654433
11136
107985040
100271702
5137
9467
155066
2947
10409
5995
5783
10654
147111
3588
105376805
590
10036
10959
57693
55112
7051
162962
6143
7535
201292
653583
101927424
64106
4485
84790
4185
9884
54875
56624
63982
3592
6747
22858
283008
374650
101928963
114826
136051
844
5959
10180
5016
64776
64081
57724
115209
5191
202299
79683
6632
1634
728741
246
1869
8874
10525
51614
134957
340252
9282
5211
23607
118812
29080
57468
25858
55344
4681
1302
3655
126526
26246
100506286
127544
646960
3685
80153
79020
126321
4552
115584
79022
2736
51144
730112
105378231
11010
9783
57017
54583
30813
130888
7639
85415
348013
124404
117584
439921
9543
84904
135154
162394
100529063
175
84267
23324
7323
284058
6901
57690
284695
78989
91355
140606
343990
84077
112597
129285
101927599
3908
927
7775
388882
54960
127255
105372321
9284
160851
3948
728577
64499
112849
10057
54762
23398
493900
6422
124045
1806
7185
26278
3921
56985
8642
441631
831
168620
3834
100506159
90417
362
10330
440515
23127
377047
59269
8825
347731
4729
51594
51754
727936
23065
100125556
158747
101927811
100507297
90288
2168
63897
25865
101928857
4131
11336
100506930
84968
118987
102723766
127579
58191
64318
3842
3119
5613
26609
128338
2859
132158
55790
7482
3713
51337
85455
400713
79744
1353
6133
100130890
282991
126969
2778
154197
92482
400891
8451
7036
400793
2086
55966
116842
8809
6608
60526
340745
25854
51497
57465
130557
116254
11147
5303
51816
3123
10273
285668
1738
272
29125
220594
93100
647087
6799
128
23321
63917
51203
7058
284948
102724604
94233
5360
84256
2277
7644
3107
51018
8208
151194
100130890
3257
55245
5250
728047
240
286343
80832
79023
3251
154467
55620
221178
164045
83479
374969
5929
100131187
55183
4179
147658
389791
50810
141
284800
6818
64094
85444
9080
645700
79944
286256
64072
25828
613
10208
3141
27333
55130
5957
146059
11284
284998
55713
10975
3128
84689
405
100132077
2635
64802
85302
92170
55900
100129973
1278
203228
55502
5654
285359
10451
286451
340895
80830
7156
56241
11082
79644
115024
22877
145748
57343
51447
202374
414777
100507246
100507436
119032
643707
101929407
133383
11130
100506606
101928931
441452
10566
101929374
7037
84930
9048
11325
57507
6300
171391
55125
286411
84000
10381
200350
54878
8372
308
378108
6136
25895
389668
23028
11209
200894
55138
124454
56257
60672
1646
79847
152877
3508
25821
8632
891
2949
375133
51657
105375013
9904
3661
5635
57122
11215
80817
339768
8216
51439
27
55063
10128
3145
120534
84255
5345
84269
79819
8991
26576
5271
440040
51112
202781
10553
23228
57628
10841
286178
55284
7984
11214
644246
400046
85462
51205
441194
84878
132241
348761
5742
5010
953
1677
25913
10428
283888
51125
57045
84245
8803
100507316
26060
6284
9704
2784
387646
100128782
147429
85480
1993
83959
57594
354
5719
57674
6857
414194
100190939
56983
728568
346157
116113
55623
102724691
11341
652972
375607
378884
144193
5973
104355426
64927
101927168
23609
720
10422
10555
3732
64844
5355
221336
9091
101927021
80317
3704
339448
55572
440905
207107
84515
55225
54902
5334
63932
101928100
10256
8936
79017
9538
653513
64093
56271
5190
3385
55862
339290
100506070
284110
60412
622
100507321
27145
1058
90423
25875
221662
100132169
64518
338817
65996
7439
10239
126133
27068
10864
10549
65109
201161
101929730
11223
284805
101927323
56605
57415
400
56666
389075
63979
119016
9364
23408
23555
221264
27328
23430
3344
7145
218
132321
5883
51181
81889
148213
3425
2979
1346
84720
55359
101929457
117531
84888
55702
1528
101928464
389493
57418
57536
414189
55876
4751
79037
284076
339318
9993
24138
2288
727758
220729
2683
53371
3015
23305
115286
171568
100131564
440278
101928000
285370
130752
1549
342908
100129196
5747
91012
93134
10253
100101266
158228
11277
51427
283927
93611
55020
2934
101929221
55638
4438
54584
100505915
51241
133015
5873
22900
90529
3117
2622
9362
643699
6809
9814
134728
23174
9576
124221
104355289
923
10383
791114
4123
101927667
100133220
114794
107986046
6821
170082
353355
29952
100288332
83461
440335
11099
1140
54496
310
83875
4607
4700
160897
55184
51531
57602
162655
55012
80267
5605
25836
51244
7284
284996
445347
3212
353091
140686
55332
3340
114804
51326
100506658
3078
55655
64283
146691
85012
168537
104472717
26095
9866
162998
24146
8759
8848
10518
9371
27077
150244
246721
1687
54476
10069
158800
101929565
84680
10243
403323
10298
55228
284612
10652
8786
85377
25759
101928295
632
55159
221927
5436
3933
26228
6100
25950
23054
55680
5830
201181
55093
10573
1314
11022
91851
253190
121506
168451
54554
22891
3598
29957
81832
9718
9782
79823
55853
57509
54820
151011
100131827
10587
152006
8225
100131434
10917
25843
54858
1944
5460
753
119391
64077
84699
7494
7456
727851
57820
9481
25941
253559
256281
83939
401494
150082
6616
284434
8545
284723
114134
28965
23099
7849
768096
94009
419
5529
644186
4548
100292680
55796
5829
4835
105372233
26084
100506142
171425
8601
84868
55449
728489
51074
80207
4831
1476
6731
106660612
23556
1723
347744
283849
653712
11097
100134934
284942
286101
8089
105371049
25961
219623
54482
2950
11076
64581
60558
11237
133418
6184
1138
54965
1496
728485
441869
4065
55253
56927
101928147
7473
246181
100874047
114044
5336
63977
284889
23395
22863
55568
6911
162239
440584
1842
83933
51228
285440
387338
9444
10163
4763
641977
646851
401264
55278
285331
51332
692099
113174
7857
100506462
266971
11057
553103
359845
3108
341640
170679
100505876
284427
100505761
7702
100507554
8826
79850
117247
8760
56650
7280
54742
90024
1384
348174
3783
101927760
101929212
55558
51399
221496
5382
56704
2029
54987
375775
100506054
7746
90809
9552
55454
101927354
100506827
10335
8934
10073
30818
101927636
400506
79147
25847
80235
53981
54937
55786
91612
9172
23095
2953
23118
10309
200931
54769
64981
1133
2793
148281
79792
219537
337875
8751
57136
152789
145864
100996609
254122
330
27248
7515
54842
255877
115727
81577
4772
100128071
6147
27345
10450
105377443
55140
284361
128240
147923
6251
150465
29990
149708
83858
91419
64223
221223
100506757
64089
51008
441172
80741
165186
221302
54928
255022
137872
27350
105371416
100130418
93109
1829
8050
10659
10447
5570
27163
168544
256472
29894
219293
728492
56913
140691
284001
55821
727866
2332
79770
10861
147372
5886
51115
57577
132160
114883
25956
23705
728558
51308
521
60684
4494
260293
4493
22885
6234
81617
401498
8850
284443
84148
100652739
286257
7289
10102
100131320
340508
2769
56971
6334
152816
641371
339559
103344932
5860
285596
11093
51372
102724094
55095
29934
102723927
374900
79667
100775104
23460
3475
80022
1638
84224
23731
647859
65083
27115
6006
570
79587
390940
348751
113220
442721
79680
1416
57798
90806
54918
148398
84260
6166
83463
114625
6727
80173
23370
1521
541565
1827
23241
101928989
83643
201305
2788
23371
8558
81688
6445
4051
84436
2776
26063
54896
5440
23338
54663
54014
90141
1418
5481
7784
4055
150147
2678
7226
653689
140766
8499
147804
23252
11201
102724301
84288
399979
6124
94005
57534
84060
10519
79895
284365
80213
8574
7520
101928656
101928380
85439
100133205
4704
254956
219348
471
57407
8907
23295
113230
51160
81855
56341
340390
65095
55170
7287
94121
54700
116285
55622
84514
51236
10965
339229
214
84270
55080
105371814
4804
148022
8498
6097
125113
128414
8131
23671
8218
2869
78996
8895
5723
154442
286186
219927
100288152
256643
51741
54991
200035
5063
10734
1795
55769
4725
83656
56136
91304
152831
84109
80975
84650
132789
4481
728118
6820
55600
56139
57576
387273
643394
100128108
3959
23498
54516
80119
3275
84645
114827
116369
51324
11332
11190
730102
26586
201229
220136
8322
54967
4357
11116
5351
56896
65010
4361
64788
1142
5594
11059
27175
100506380
56141
286006
163126
27344
51619
400657
57186
54543
54758
2548
285045
101927765
80162
10767
7741
100507602
65263
130560
10578
101928307
23347
6997
123036
1066
6920
339400
80055
729978
9221
55365
51065
2160
260294
283726
8659
26517
79902
55589
150696
65251
162979
203427
1803
100073347
6874
126695
389033
8293
101929479
84439
400941
51768
29984
79047
284395
100129215
10715
200159
79746
728310
58496
5037
102723927
386758
79912
30834
166012
144321
5935
1821
79192
57348
375295
7739
107986100
100133545
286042
162514
1513
57574
9796
348487
25778
5705
54962
94056
201254
255812
5581
23549
8858
55007
121665
113655
51149
50507
26022
3692
51592
100505865
80020
9657
375260
23306
6565
50853
114294
90333
84262
51246
135112
7730
60528
25994
6770
54749
130074
8938
51086
102546298
91351
112817
1523
554203
4736
10213
130872
376497
5786
283481
151651
55066
23355
3020
6815
63826
79645
729218
6441
645
140689
441376
80760
8228
388611
6833
56994
103352539
122509
6512
163227
64940
10219
7678
51805
26229
9228
10732
101669766
29992
440345
284525
2312
56128
100287171
79786
116028
26048
400680
43847
130502
5790
6222
23102
84874
100505576
10507
221442
56623
644192
91107
84696
283345
9849
27254
84134
999
7454
285016
100288181
645426
347918
5230
105371824
64771
57380
84809
84902
57677
7186
317749
221400
5163
729467
219621
200403
101927093
50636
5108
84928
1238
4668
26519
101927009
84163
51257
55325
23171
123207
29068
255027
3887
80227
113246
57626
9013
653687
5636
9639
101927541
10046
6440
7390
340277
10592
10131
79626
83540
55764
114926
286077
161823
517
200810
2591
8605
100129583
147687
50937
27033
285362
23061
338699
5524
5961
57185
5074
7480
5914
4836
51146
29944
152137
9403
8888
55717
50840
54059
65999
57654
387680
84167
7137
9557
4636
168507
144983
283459
149643
729262
8544
284729
3992
100128081
192217
643180
55666
664701
80150
105374546
83787
100129827
79703
79075
6118
140711
92014
127845
439931
63943
105376114
355
8897
101928590
84310
55156
105
643866
54847
80778
79190
100507433
3664
55006
326342
5265
100874207
401320
7268
10531
339541
735301
101928514
150472
375316
55871
58492
101929733
3118
101928085
257397
23059
102724984
9463
100422558
388152
574036
1763
9200
26585
54433
5537
151525
22932
134492
595101
1998
8898
23053
100130742
5934
5976
9342
11180
100131060
100505532
5646
146050
23175
4351
22989
103611081
285231
55341
100049716
126520
4174
316
5434
374443
80174
51360
9906
84303
101928707
29993
8269
160287
255403
253868
728294
1120
9737
4072
100505854
10230
339822
401541
55726
9361
220965
91689
55166
101927221
118924
54067
64167
133121
105379194
9917
340198
2954
57761
2781
221711
100133091
102724316
114786
8000
165679
163589
106480429
729375
5007
2968
10385
84973
498
410
100130370
121260
3777
140461
64224
7516
51385
23600
9831
10992
728591
100134938
91156
1060
23463
1645
11045
221476
873
89832
201176
134285
130733
6745
10351
255231
50832
84340
56155
100302691
1139
283578
100506498
29774
148581
113457
283219
1556
27342
5610
91368
286183
55118
54531
5794
57460
23627
689
3675
105378949
200958
80342
301
259295
2110
285349
51259
27346
26164
91319
594
93487
81609
221938
55614
347902
54981
286076
284656
84916
6007
129607
1534
55213
253650
9528
340267
29092
55812
1364
101928979
29074
836
23263
6817
388335
57467
955
105374328
339201
56912
100507633
6505
7263
84062
440600
100509894
6550
60489
79864
51162
26002
8233
57176
197335
54887
1073
23642
728411
4719
10844
24148
80336
100996279
54888
645811
8940
6834
51253
221756
91181
84172
9235
79094
29907
441212
107984858
22868
283999
4887
728927
54970
256236
144608
9209
83549
103625681
664
151477
59348
3433
10718
83732
29960
63891
5689
375593
221806
51060
100130958
81551
51233
10457
80279
64288
51554
101928509
4172
388561
275
101101773
8683
79019
26015
219738
653390
27306
4833
619208
6442
127253
126364
728613
440689
101929523
64847
4240
25932
6203
92270
64772
645513
100506834
5283
349075
5889
8987
338799
8570
101735302
90324
101927067
23580
8174
55629
57099
140849
400916
55191
8904
90485
23231
130589
5586
25793
101929120
8302
101928521
4137
100289098
11189
4211
6158
10950
84765
80775
401431
93973
90338
55280
101929147
64149
3136
79955
148418
1298
29946
643406
8214
79672
163688
400999
415117
221078
79621
342184
554226
10945
757
653308
151963
84856
5597
4173
169166
55276
145482
64779
285389
154449
285203
51616
338651
875
115817
124989
55249
3120
26155
54097
392636
977
101927828
3633
7686
253018
4237
51351
3822
101928134
730971
79078
54806
55230
100505894
55248
728747
25934
79919
5519
4830
79866
10898
27232
2395
387066
122622
146754
100996246
3700
26471
3067
23421
3625
57412
123263
400566
53838
84107
3065
85369
56922
80332
80824
80352
318
23475
64073
10495
23765
51517
10561
728661
730130
100506084
54521
645752
644050
1196
100499177
653238
54581
9509
284835
100128398
645434
64788
100996295
50615
339231
8862
11037
28974
9818
4917
6499
653479
57010
4012
23043
83734
100506433
4692
353149
23234
124540
26094
79867
28970
389073
144535
100289388
2071
580
368
55644
26251
55258
7799
2875
442524
6228
117246
83451
196446
425054
646300
374860
284739
53938
728554
56945
51122
51168
6975
5500
222696
84321
2965
3
55512
400464
84284
56267
8511
55027
10411
23394
22990
55610
9238
93594
101927196
6870
364
6950
8992
140458