3778
7562
1186
219537
51171
102724539
317781
117248
149297
6375
8631
100287177
55683
8826
10965
147184
7571
147657
8724
55900
339400
4018
10105
440101
284273
55626
100129405
400604
9844
28970
54112
23062
84334
5802
6007
102723828
79780
9935
6745
6596
4005
79621
197335
692099
54996
9905
126432
593
376844
7416
10332
389084
55277
22932
56913
6282
869
11159
57820
9731
90637
8934
57674
9014
9706
121643
220042
51136
10025
9894
403323
284207
6484
312
284751
11145
441194
55930
84709
517
8365
3128
116840
8674
2322
57134
728039
8789
9637
154141
411
105371416
317662
3977
6154
79092
27236
123591
147685
11328
4824
79571
100129842
9831
6636
122616
414777
79863
10239
1497
26024
692205
728431
771
102723924
283578
728606
440515
79135
91050
51114
7850
55152
23400
57050
1841
54887
137075
115584
613
340348
63897
100499227
84222
132001
400073
313
745
1512
79912
203427
100507602
4701
23636
645752
100505555
4943
116535
101929567
266655
55315
100506368
81693
143630
105371119
360200
128338
79713
144165
55847
5962
1111
5830
54708
3822
57109
632
85415
6493
3106
10566
26502
9652
387742
8718
284186
54518
26275
3394
118491
100289388
152110
6199
4357
144406
4163
728661
4608
79961
57096
102724450
83478
26070
79957
50940
7103
1638
10409
160365
255252
136
7267
23324
66035
255403
51427
202151
221756
104355288
84168
905
64167
8858
115106
11022
189
54875
10737
2857
2882
57143
7430
79919
117246
5737
10336
109504726
80039
8993
101928565
24148
201181
101735302
3958
60490
389493
23266
106480429
1557
51081
162972
3043
1801
732
4179
51643
196264
201965
64841
400506
10148
25870
56005
80131
79629
8759
102723927
79363
84224
84221
89884
340024
1577
101928243
3577
100874114
25878
100506874
10807
9656
84717
64979
28968
55341
4718
100130613
10549
6222
26974
57232
100505576
102723505
139322
84722
100506054
171391
7813
3681
83475
55199
55825
8833
11171
151531
23276
115024
55014
55032
832
64284
23408
9938
219539
83719
23562
54675
387119
100037417
100505663
80308
6645
254394
115817
9423
79667
339231
168002
64225
440584
150967
25961
729218
83875
641649
100507389
60558
5099
92342
100131434
285266
202
246778
54840
219541
127294
51430
29941
3306
84874
54934
55775
5834
4255
55159
64132
730112
155185
222229
317749
54980
11325
220869
115353
4898
81889
64359
114900
11118
440836
101927331
100505538
1677
10714
49855
23381
100507283
11231
101929439
2053
102723927
4200
54888
728489
23041
80303
4241
9472
106660612
8639
55230
79841
100132273
284323
8544
84973
5343
439965
164832
105369364
64127
3112
445571
25934
29071
101060691
374969
6006
79730
7567
79906
2979
171425
119559
64901
23250
3344
101928079
253738
80168
126731
102724362
117145
54843
285386
6568
55258
154007
145864
387890
590
81563
5663
3856
155368
64981
8786
100130950
105372321
221927
11336
66002
51236
89797
3385
3120
388550
400941
79739
2043
152330
3182
5636
101930085
57475
118987
221178
147645
55203
23451
7328
729262
283888
100505591
101927541
22795
2542
3773
64090
54902
10136
9980
2960
375593
26469
55217
11068
199990
55812
54842
56606
3364
28978
1184
55623
5198
93134
55020
84274
2840
107987545
23141
64223
56658
51513
375748
10361
107984921
7169
57787
101410538
102724246
374650
131601
5395
7278
199746
1565
51251
56155
10520
3119
101927972
116541
100506497
9830
54537
2827
219595
23504
101927196
6833
116966
729857
4356
100131187
91749
167127
400746
96764
284889
4482
125893
1774
284440
123722
94158
4661
8945
953
7849
146429
4052
735
2086
10519
3139
57037
133383
339290
57088
202020
93100
105375355
84182
91966
100130887
26164
27037
8500
5836
89866
133418
158405
7032
84888
143570
1488
23508
80318
197407
339398
987
54899
5003
101930452
105372483
8648
7499
54806
1553
8449
8975
25854
4277
23436
126433
54807
7059
105373378
89822
4689
80778
84417
6133
158234
415
100289635
25915
197320
91851
105377736
63924
7318
58491
7784
2762
56977
6251
342132
83479
105371485
646282
60343
57826
8417
129138
282809
5141
51154
5634
126668
100190939
27341
54879
23033
13
83982
440446
339456
170960
9755
121260
79056
645513
92154
92421
146760
1259
8727
154796
105373449
56262
54700
339221
246175
10841
140462
23181
2831
643224
285943
5832
138716
84945
152641
51324
27128
142678
340390
51397
1911
8838
4284
54932
127707
100128731
399671
23430
7391
653140
401397
57122
25972
8028
51429
5098
144608
80162
80831
2981
308
91355
29943
26112
84065
342898
118433
51179
51754
9741
84726
2101
91351
641371
84172
728642
10917
338321
5052
375775
127703
6201
410
9037
25847
388552
252983
57798
55266
231
51491
6641
1969
84068
254295
678655
117166
116092
170679
27249
400684
1339
170961
731220
135932
51466
5805
100507487
51537
400410
728643
100507436
1299
84904
84795
123720
522
25776
1262
132949
246184
7905
840
51000
174
64175
284427
1287
101927755
80210
401548
6819
124739
57687
101927832
553103
197350
101928104
10809
51074
348801
51635
2553
55275
56241
64969
51501
51497
64327
116447
3021
9145
552853
503542
6990
645332
165055
51106
375190
3423
220296
107986100
100129215
55754
100874207
112849
79153
284541
84288
84549
27069
10102
400084
8398
3127
79886
728040
730098
8512
129530
10732
10772
7280
3948
128866
92270
2178
8896
10410
57683
84247
9914
4664
26958
340286
254359
165324
11123
253982
11180
404220
10263
79622
91419
284110
10164
344838
84934
55110
57758
106707243
10781
977
29888
1668
5480
439994
440307
7045
2731
79903
2962
51816
100507501
728340
100131827
84968
84515
84815
134492
136332
5229
151354
85025
2028
2892
10777
55619
11112
23329
652972
51586
286114
146433
81571
441518
79804
5433
152877
63951
55634
80267
55862
2039
81034
8214
57670
100507321
6540
23355
2054
11209
6768
124565
157983
107983964
65999
10578
153733
4982
100507171
80071
283232
126969
3804
51616
219527
55501
6228
101927233
100505806
55022
400927
23170
933
401081
332
27329
83696
118672
340156
2350
9906
8029
11136
3814
53
4361
757
7453
2953
1429
1842
6767
727866
283459
2217
83858
4725
166
255812
132884
7036
54971
387590
90806
644873
346157
9976
4294
100874236
2161
51237
7096
256380
51727
64333
4946
2327
2621
80157
54558
105
8220
6835
56994
9322
64760
51257
652995
121355
7852
101927727
375316
3623
79643
57604
8790
10618
79774
112724
163227
100509894
64789
100506898
149428
55558
6769
147804
2591
9657
249
100505854
89876
91156
6440
23315
10953
8869
118812
10901
91408
284217
23231
8622
26471
107080644
29091
5563
4584
55280
728975
2798
55194
127002
136051
196374
10693
284443
26576
100506714
755
9929
158055
54103
161497
283985
93973
8976
653857
23336
23144
55093
9556
10570
3136
7297
54870
145216
100037417
102723165
8508
100507633
79854
5977
124359
80790
54625
101929693
7691
29801
85320
100134934
3663
285759
134637
222234
51279
11103
9653
102723701
55228
253724
101927352
84321
102724392
27434
2620
65996
2941
54801
55343
339105
100507006
10815
80775
4853
105369230
9771
101929709
22933
91433
84436
24140
729375
286190
92806
92840
7840
374403
220202
63905
54539
23064
8905
55063
831
26173
2588
57596
10964
652968
6286
400566
10062
1454
79258
10267
286101
51214
202018
101928062
100996437
124045
57418
8225
55210
25817
140701
146822
137886
64779
400451
1760
642799
110354863
114034
81704
9857
126
51143
84984
93210
348174
134728
10472
84812
841
79913
84866
84449
100132074
259295
6469
4731
101928303
984
23603
51517
144108
399687
80305
29774
23151
6335
2444
5660
84309
55007
55713
4800
121551
222487
84255
51744
5007
390595
79001
54059
728175
2329
348751
6773
8675
81631
396
381
10072
197358
2639
8233
3301
54623
541578
284680
440248
85377
100861520
100130015
127495
27130
286223
100130733
80020
220906
284948
1797
100130889
105369632
56907
10907
23294
339977
161823
81888
1346
822
284346
4311
219736
338821
56731
55695
1556
29925
8444
205251
9685
5774
6865
60489
84456
55778
79047
54490
285389
3037
23583
3371
57705
27284
4882
5644
112399
389641
27443
1352
57539
23107
440087
683
8904
339263
150290
647859
51690
2098
4129
729082
493900
100126793
63940
266727
121506
8503
7367
28976
83752
10
100287171
55740
1776
574406
23345
10473
101927171
80174
54913
57619
53947
6884
29994
257396
219621
51205
55304
84993
220594
284184
9459
643253
7371
55006
80129
26503
7678
10412
102724889
54441
9098
399979
10743
670
92745
6135
57730
6993
3745
3980
168507
2947
6580
339448
130271
6838
387680
79143
401172
112770
170082
729252
6733
121457
4925
59335
90701
51016
64241
130872
727851
29945
64224
340481
255877
22828
51388
147929
285855
119016
3790
57733
64581
9046
117177
439931
101928000
2817
4696
80975
151525
132
9531
100506388
100130958
653489
107987457
83734
54881
474170
79902
56107
23457
440138
57523
160335
374887
3903
57191
221303
4507
2806
83592
51186
29990
101928509
146330
2531
7040
2800
26999
9399
400657
147906
26133
64081
79587
22897
5565
23091
9361
6281
5464
160897
10669
51768
5445
51738
388743
116844
55679
4232
23145
7135
65258
26507
51030
9321
8558
284040
645027
256643
89122
728927
10800
642946
51073
728613
9824
10936
167681
101927056
80832
154092
55798
51144
115703
83742
114794
554235
4833
4773
29894
343637
1417
8764
10982
10561
2079
64091
653784
220136
85007
85442
8351
10421
1609
10747
79087
200350
2298
116983
160364
199223
155370
83539
256126
414235
2266
10518
79095
105369921
114926
401320
10202
100996709
55852
347487
114625
957
54988
5498
6141
653082
80227
653238
1655
8804
105369360
51314
84332
127943
94121
388722
1763
57486
26580
84561
192683
56956
9747
8556
55075
57593
24145
4705
1388
80817
253769
4259
285349
55140
157777
645811
1101
23180
6197
124989
4835
440600
401431
10342
3995
9946
79632
653190
5190
1590
3508
261726
100132341
23127
101927765
268
116969
441168
89894
79585
125150
4249
63901
10430
4123
7288
388796
8751
140686
646023
23467
81533
27350
79825
653308
113000
23065
64799
669
64928
955
10720
5792
100533464
83999
80380
3673
6921
342
389602
29063
282991
1520
414189
152206
101927934
441212
81617
9961
23203
56133
3831
84674
345051
79658
64066
26
8089
6238
56961
138948
57185
8997
23306
6341
29988
50865
728411
83998
204962
117143
400999
23059
163259
10840
55357
26822
171546
643707
100129534
145482
433
118460
2182
101927289
7915
81622
84317
10856
26090
23295
5937
92370
4902
619208
388335
54578
100128782
9180
55137
3108
4320
2150
55821
6997
79797
80774
9128
23089
58986
8800
65018
154214
57520
727956
23243
10811
2352
9726
79673
43
84689
8777
145748
54930
400236
162394
7185
84253
23582
150197
51601
4976
4099
55625
57451
1870
26054
102724316
56100
56474
1964
60412
3556
51086
285367
318
8569
285352
23281
102725022
90273
129080
84516
260294
90627
408050
256158
342908
2938
11181
90416
2861
3105
996
9238
100272228
1513
4061
64975
26207
101409261
116842
53938
440278
79792
105370027
9077
342357
113419
4798
554203
1353
6166
80279
64149
53353
84916
23353
6652
6300
6132
284349
9194
1325
54737
100507567
5020
10462
101928136
728554
200810
1267
55027
54898
100131315
643529
1984
51520
91442
167359
352909
160857
51090
11007
219347
8677
10686
8511
128
56548
286148
84650
101927726
100130890
93145
3266
440498
11127
3151
100506476
728290
389941
5770
246721
5702
9617
78996
10352
169200
728118
219654
102724532
57172
23386
100873993
5862
27342
79625
3911
4948
84340
79820
55244
79147
101927752
2526
1071
9866
27180
7686
2326
1047
162514
283131
4772
10296
401565
83451
65124
55061
28959
93643
261734
254122
100499405
105376805
253980
100505812
10600
23143
57132
57343
83746
81615
80301
5322
10056
51741
57136
90187
4700
1942
340069
9188
9231
8531
51573
23118
3475
6464
79075
120071
51228
100131564
100507500
1666
5595
84245
23649
10544
728537
112476
85455
7289
221895
80270
79979
978
7366
102724993
54020
83642
349565
57732
50832
83608
374387
55591
100506190
283460
201254
254778
10590
168850
197322
400710
6158
159013
6258
5414
338817
65012
375260
55717
10885
55698
578
81603
92170
60386
2584
26577
643733
25901
10767
171017
145264
5639
3767
1521
54757
653712
10326
5018
5164
148811
283899
56605
100133220
84154
9481
254552
10694
90411
132789
54108
7730
79608
100505570
100874146
100129583
7841
101929086
100133545
150365
4892
79675
102467146
200420
346
442578
116285
4703
101929639
83666
80381
6418
146279
9369
4763
10174
78992
55366
147710
11201
55173
103625681
10992
204
2189
28
79962
114044
8187
127255
91695
92092
6165
23531
8509
27247
10036
55246
326342
729085
102724601
100874270
9913
55757
146050
91647
100507062
4524
57479
758
516
284058
115992
71
285440
253190
2155
10319
26155
64089
55454
9179
144715
8678
119032
644186
201617
7991
644246
144097
7741
157657
8490
64788
751580
274
127845
55125
728377
5934
11149
23569
256236
9439
83604
25861
26585
375133
55365
147081
808
6470
85452
166336
25895
55905
84859
6442
51233
23536
23642
9818
387066
200010
5743
64428
201514
403313
23171
9360
101929441
5553
100874058
7064
730102
754
84284
152065
55722
112268338
84930
54853
55611
57655
100508120
10050
101927974
84809
3045
51657
10554
339559
50636
219854
55770
4201
100288152
4891
51604
56927
84679
101929736
51019
90427
23648
26123
9254
654346
101927288
85449
728577
64283
105374546
100505894
64221
1366
4282
93343
126789
10461
3490
728130
79847
2630
3135
115827
55112
100130587
101926892
5096
150142
6118
63914
51529
7633
2635
9862
23420
643866
9103
5005
9379
26519
54922
51700
7748
105372233
55796
284004
2021
10748
7515
283464
160
3988
10793
643355
25833
94056
57537
5782
6434
1581
9403
654433
81578
23760
6048
2622
202500
10847
353
4684
8936
27163
64787
27087
23590
58492
10878
79682
23542
730091
4711
84946
5550
2660
79844
728294
56106
55860
79716
84996
55016
5320
3117
7697
84271
7372
5290
9456
105376843
23650
54987
8624
347918
85446
718
101928158
100132707
91612
54212
3107
5213
51303
729967
30811
56904
284900
57608
662
222256
151534
7078
50853
1514
29092
26960
441172
121793
7156
84527
85569
101929212
26022
283194
55553
123803
9391
2517
10884
100775104
401546
3418
84265
65083
56624
132160
10550
64837
8797
439921
29097
10507
9801
51018
151651
439936
55166
7223
136227
1241
23354
100874068
8785
9736
10301
79158
79633
57139
730
6400
9919
102724985
84293
100506311
653464
133957
151636
100506658
2175
140735
10623
730971
5727
728047
105376384
51622
5351
56670
23507
3311
23550
283219
23074
9058
8099
83595
84219
401720
219927
100996246
133558
2949
100996579
117
382
221442
54849
6091
110384692
284406
144423
1164
125061
4907
440073
23483
347853
6016
115352
55819
284904
100505687
64772
3134
1890
64087
26608
400128
144811
92565
4928
55361
642968
222171
55051
57217
57463
94240
51131
3925
120
5790
55630
23446
64386
90507
9668
1621
84557
23576
8623
147947
114987
1501
123036
81614
51115
1663
79666
10288
162655
55608
346171
55629
64762
84847
91392
25865
132864
100132464
10092
55002
5162
84285
388591
10973
29984
285148
130162
100144603
125144
340198
79411
9212
4043
51382
55556
196446
8729
2146
54802
7447
105374836
26499
11119
1564
113457
64582
283417
170371
151449
55449
1375
102724927
64965
177
9172
107987423
84217
6401
90203
27112
51087
3834
57407
4585
51439
220213
1385
92912
53371
114804
80254
51244
10200
280
9289
27166
7593
9546
100049587
975
1627
25950
5624
9341
1645
55707
2790
6280
58191
152831
4923
644165
941
284365
283663
126567
221960
3293
57473
115704
100128569
84159
34
8529
130340
5873
54496
5435
6631
26136
348926
80339
10180
9696
10762
349114
9884
2139
284422
10349
29798
83852
84630
54554
123207
1852
56983
347273
1152
63932
9516
84953
253039
392
79155
4669
100506070
5819
643699
105375166
3921
1434
26063
441389
64949
84187
57103
171392
206358
10810
9942
55540
51071
2071
342931
50813
10612
57583
25900
58985
1436
2939
60526
80705
816
5705
51201
55748
339524
387775
390916
100507246
9834
66004
29841
9570
8545
100137049
2879
4485
83857
80069
51002
6742
23729
57551
83882
730051
440
101928820
2590
57045
113277
284
143098
51103
219348
63979
5965
57168
6610
8317
8073
84455
5201
79174
1400
10988
79672
54986
27158
122509
4828
3704
6714
672
2286
202243
126248
441191
105379194
4215
147798
51363
6581
5711
51060
389668
5500
7094
90780
7520
3033
6499
7625
5723
2206
8801
79934
729852
3078
730268
54981
374928
729220
389362
27031
100289098
57127
4153
6550
83943
252839
25989
10450
55345
101928887
27010
168451
5360
780
5303
64170
283298
643180
7390
258010
23682
29922
64065
136895
283349
8189
170487
55224
94101
53833
51503
12
152519
116841
92856
23464
65010
5442
29780
54464
185
11147
101928085
100528031
101927021
23318
6715
1116
3747
56271
7512
440270
123606
11223
79033
128272
8854
132321
406
100505483
377047
10591
9988
1759
10581
1066
118980
445328
976
400720
3250
388567
124936
102724515
54970
399818
842
79694
2525
728323
84848
51310
100652739
2116
1409
55783
55572
101927851
170680
440081
147968
9648
51752
100506606
91120
137964
9167
120892
54919
3020
55766
100874253
170691
106660606
10587
285331
100507651
6195
84957
4493
283483
5719
57553
735301
4855
51318
2568
4055
81928
49856
84134
25813
583
10947
26586
10446
10713
25956
101928725
253558
51569
401074
23095
9211
6720
114571
79098
619279
51241
200772
8881
56910
7711
4048
100996709
63923
152100
57696
729978
11200
6821
29103
25759
101929147
23173
2632
101928069
1486
4815
9013
9534
7766
55622
659
10877
338692
201283
84873
340542
80818
5024
10390
25798
79746
2774
2275
4069
389206
347730
81542
5575
3093
80235
128989
100996251
5191
7760
29088
83443
81839
54535
90019
10287
10404
11253
101927051
9812
100499483
6888
375704
149047
51527
56950
10120
100049716
107985216
653689
400966
348654
100422737
647087
6234
84814
9997
55170
55732
23474
163882
253018
541468
55885
101929479
1952
80306
8907
7268
148898
10752
84915
8436
55871
57167
5564
8484
8547
11074
10230
6272
1768
6422
6051
23259
6284
22948
203859
100505696
26157
9404
64072
100288332
201626
114904
1811
144321
4051
1727
399761
56931
79184
157570
130497
100505635
22878
55342
3137
54810
55278
54516
139818
196872
414241
201163
2243
55012
8897
23177
6728
1827
84435
3150
55052
57728
54550
22866
79576
284612
8774
6503
116028
9256
25792
11052
55253
9700
100505915
8526
8972
55353
85014
84256
1733
90417
84680
50509
5527
11102
57576
158135
8131
80201
101927636
100507297
51666
8636
22955
54107
80762
54543
10906
219855
54758
55867
54505
26012
4038
90506
27132
729234
162966
22835
4437
57828
2974
9061
26297
55036
440895
219293
100125556
10916
100506985
8372
1294
102467222
84937
9150
165140
2625
348487
3643
100093630
9196
284260
54465
100128398
38
100505641
375035
9589
66036
57149
11199
5635
9463
339789
285596
387837
10425
10558
8701
200958
114826
6846
55644
404672
60313
5195
124404
171586
8930
5422
23410
241
6324
1131
389337
388152
65250
55103
140807
150244
642475
5287
222962
285464
79081
9141
145820
100128750
51025
90410
101927621
162967
4905
5893
101928857
100130581
56898
63826
57552
441307
150776
10098
119391
6339
4134
100170229
283755
2739
100303728
7146
134430
253959
255167
54768
5606
388595
55684
128486
10103
7275
54960
9131
9497
401428
79867
10201
11277
79762
483
221223
54896
9846
8880
85002
3118
10637
55531
29953
255758
100271927
399948
25821
3821
84750
63874
11076
135398
100129278
1137
6594
23598
79144
353500
1456
25840
89858
2078
55080
100507203
81619
137872
283335
114088
23421
5444
7514
11027
387597
105378085
390598
100505876
51559
60314
100131067
29777
23111
162517
1551
11238
11329
131408
3382
100506380
7728
107985579
51160
102723766
57007
57695
1415
84081
6727
158747
55655
101929574
2121
1075
23015
100507540
151126
2570
79644
100885776
29102
91828
201651
2581
8994
3257
283726
64599
155060
56889
493911
84936
3990
29948
107080638
3846
55577
10786
2258
2332
1838
5926
202052
3083
8682
791114
10233
6517
213
65095
53344
140680
165186
8985
64794
283970
8892
115196
79744
101928499
345630
84148
3597
23338
29992
79877
22821
192668
221061
6236
80255
27102
23195
1611
55769
401541
55676
23395
55367
2317
79096
643641
101927258
23263
4793
3170
347733
57176
51593
441282
6231
175
3084
150771
119587
4065
8940
146456
55191
55681
130502
5169
6920
221400
114822
642345
6447
797
115752
342979
55251
1438
26140
51110
92014
400759
5460
2954
83640
11240
55614
11159
5984
90523
102724560
389203
3273
100996609
3145
387921
64847
2965
100506233
7762
2747
55680
91947
387036
349075
267
7812
126208
106480738
7422
51385
727758
29125
10243
284759
28987
83933
8738
7205
3689
158219
51332
56942
103
23049
125919
55082
150135
145447
103611081
5990
7589
721
928
550112
51642
26259
7508
4054
55200