2053
51205
92170
348174
100128782
6158
55315
8214
401431
10263
2071
100134934
4123
28
51228
253982
118812
105369632
8225
51233
79902
161823
79906
2086
79912
8233
51241
100505641
51244
346157
55341
55343
6197
51257
139322
120892
124989
10301
57407
55357
79934
100130887
100126793
57418
100130890
90187
145482
6222
4179
6228
10326
100505687
6231
6234
10332
100505696
151651
100272228
10342
103
2150
116841
114794
116840
51303
2155
10349
92270
10352
101927021
51314
200810
114804
117
57463
51324
8317
2175
729218
401541
100130950
57479
4232
6281
6284
100130958
553103
643224
55449
123036
6300
219293
4255
643180
90273
55454
80039
254122
10412
729262
174
175
177
8372
84148
92342
4277
185
51385
101929147
340156
374969
6335
6339
51397
100509894
260294
84168
80069
84172
55501
8398
100505806
57552
112849
442578
10450
143570
219347
109504726
377047
114904
221400
645332
219348
284889
125150
284900
51430
231
57576
116969
119016
284904
256236
114926
389362
119032
84217
2298
100131067
7784
84221
200958
100505854
84224
80129
221442
55558
133383
440584
4361
267
268
2322
6418
55572
84245
10518
10519
280
2327
127255
643355
101927196
729375
84256
80162
100505894
6440
51497
133418
90411
114987
84265
28970
6166
90416
90417
84274
28978
8500
308
10549
10550
317749
55611
8508
84284
318
8511
8512
51517
84285
10558
84288
51520
84293
123207
10566
51529
57674
10570
493900
348487
8526
55623
115024
8529
10578
55626
102723924
10581
147798
254295
102723927
6484
145748
641371
147804
10587
55644
10591
8544
8545
57696
84321
100133220
375133
80227
6499
55655
80235
8558
84334
282991
100131187
84340
10612
389493
653689
80254
57730
51586
57733
4485
645513
90506
90507
80267
4493
653712
51601
219537
55698
22932
92565
375190
254359
27031
22933
410
411
4507
80279
6550
246175
51616
29088
115106
63901
29092
55717
51622
340390
246184
121793
55722
63914
117166
29103
80306
51635
63923
158135
51642
51643
63932
27069
100129215
84417
147906
205251
6596
10693
100506054
55748
145864
51657
643529
201163
65996
55754
399818
65999
55757
66002
6610
84436
100506070
653784
55769
57820
201181
27102
375260
285148
57826
483
57828
219621
6631
84456
4584
51690
4585
10732
414189
348654
63979
10737
408050
55796
55798
170487
27130
283131
115196
8701
10748
117246
6652
168451
516
517
55812
101929479
10762
55821
51727
10767
23059
23064
23065
27163
10781
51741
2591
154141
653857
84515
84516
389668
201254
55847
51752
139818
51754
27180
152110
8751
84527
55860
8759
199223
10809
10810
168507
221756
6715
2622
55871
64065
578
23107
583
6728
105372233
100289098
2635
791114
84557
23118
2639
348751
84561
8786
283219
64081
285266
23127
4696
10841
162394
64089
4700
119391
387680
283232
4705
27236
613
51816
23145
100131434
399979
160364
27249
121457
643699
101927541
4725
645752
8826
4731
643707
55930
150142
23170
256643
146050
137872
285331
10901
662
64149
115353
670
105372321
203427
6819
10917
285349
64167
92840
100133545
84650
6821
6833
53938
647859
100049587
6835
645811
285367
8892
8897
100287171
170691
326342
8904
84680
197322
8907
10953
27341
27342
103611081
285389
721
84689
162514
101927636
10965
123606
727758
100190939
102724316
6251
23259
64223
23263
221178
4835
150244
2790
745
100131564
8940
197358
10992
100505915
84722
755
757
106660606
23294
678655
2817
23295
771
106660612
285440
119559
221960
101929736
6920
23306
8972
100506380
8975
23315
100506388
23318
219927
285464
283417
643866
64283
23324
64284
8994
92154
100037417
27434
201514
54059
106480429
4905
375593
816
727851
100129583
113457
100049716
9013
822
727866
84795
23355
831
80705
283459
11076
133957
56133
840
841
101927752
84809
84812
441168
105374546
4946
441172
101927765
6997
54103
283483
54107
150365
11103
162655
23395
146279
11112
441191
441194
100289388
100506476
11118
729967
23408
136051
100125556
729978
2938
342908
23420
23421
11136
100506497
2947
2949
101735302
23430
2953
84874
11147
2954
7059
727956
2965
11159
84888
5018
285596
132001
2979
102724515
84904
93100
11180
64428
56241
84916
9141
102724532
107080638
246721
11201
730051
107080644
144321
84934
54212
127943
11209
152519
375748
3020
56262
9167
976
102724560
978
103625681
23504
170960
23507
11223
84953
345051
79979
441307
375775
9188
84968
23531
84973
100506606
728047
91120
23536
100131827
11253
730102
102724601
7169
84996
3083
107985216
11277
7185
23569
9238
1047
100507602
400410
158747
3105
3106
3107
3108
105376805
101927974
144423
115752
3112
1066
89122
3118
3119
222256
3120
100129842
1075
728118
3127
3128
388152
414777
474170
11325
3135
132160
3136
199746
101928000
3137
644165
5190
5191
11336
60489
3145
5195
1101
5198
283726
80975
29780
644186
100506714
1116
5213
23642
253018
23649
654433
100289635
7267
101930085
29798
115817
29801
7275
60526
253039
1137
130162
7289
400506
58492
9341
101928062
7297
81034
1164
60558
9361
101928085
644246
100996246
162967
56474
730268
25759
285855
54441
342979
9391
23729
3250
107986100
400566
9399
5303
9403
9404
404672
100775104
29894
25813
554203
7390
9439
5343
132321
144608
54496
79075
100130015
130271
56548
728294
79081
1259
1262
388335
79087
283888
5360
150771
54516
25847
150776
29945
554235
25854
152831
9481
25865
64779
25870
54543
3344
128272
400657
728340
64788
54550
7447
115992
54554
91419
64794
7453
134430
339231
29984
56605
29988
130340
29990
25895
126248
91433
29992
400684
56624
79153
199990
79158
3385
25915
116028
1346
165186
283970
64837
146760
1353
148811
55629
25934
64847
55630
128338
100996437
142678
5464
339290
728411
25950
1375
7520
25956
284004
25961
101928303
728431
257396
102724985
5498
105379194
349565
100507006
171391
102724993
64901
1415
284040
1417
140686
1429
286101
5527
79258
284058
102725022
3490
9637
7589
728489
255403
642475
144811
1454
220594
3508
9653
150967
9657
130497
130502
5575
339400
50636
85452
26063
64979
101930452
64981
388567
1497
5595
91612
138716
9696
126432
54758
1512
1513
26090
728554
65010
124404
83451
7678
100996609
728577
79363
5636
202243
5635
5639
7686
54802
83475
54806
83479
54807
1564
1565
345630
100507171
728613
26155
728130
91695
7730
26164
110384692
1590
54840
65083
26173
101928509
7741
728642
56898
7748
5702
65095
1609
102467146
9801
5705
56913
24148
1621
347733
151126
5719
3673
728661
54875
5723
7766
261726
54879
56927
56931
100996709
1638
9831
339559
126567
54887
54888
63826
1645
261734
400999
54896
284273
439921
374387
100507246
54902
56950
3704
105375355
439931
1663
54913
9862
388743
147081
1677
105369230
100128398
50832
122509
54930
26259
54932
100507283
5782
56983
100288152
9884
6442
200350
5790
118433
7841
26275
56994
50853
9894
7849
652972
54960
9906
132789
3767
100507321
9914
439994
388796
118460
100093630
1727
284349
54970
3778
100652739
138948
54981
5830
54986
54987
284365
81614
81615
81617
9938
81619
54996
161497
55002
55006
55007
81631
79585
1763
200420
79587
55012
5862
155368
101410538
220906
55020
3821
1774
3822
65258
5873
55027
122616
3834
55036
57088
9988
1797
3846
5893
202500
79621
79622
390916
644873
284427
347918
79629
55052
440081
401172
93973
83734
101928725
55061
440087
55063
284440
284443
79644
57109
83746
440101
5926
89894
55080
253738
100507436
5934
1841
79667
10036
55093
100271927
116535
79672
130872
79675
57149
91966
255812
253769
51018
100288332
57168
55125
51030
57176
8028
126969
105371485
196446
728927
100132707
55140
26469
26471
57191
3948
92014
10102
6006
6007
374650
403323
79739
55166
79744
51074
642946
692099
79746
26502
26503
55170
3980
51086
728975
57232
83858
94101
26519
55191
8089
3995
51103
1952
6048
51106
83875
79780
106707243
401320
94121
51115
100507567
79792
55217
4018
80174
647087
653238
440248
55230
1984
114625
100505538
8131
10180
51144
4043
55246
440270
26576
26577
51154
4051
26580
55251
55253
4055
51160
10201
26586
258010
389084
83933
4061
440278
55258
4065
751580
51171
100874207
151525
79844
6118
100505576
81888
81889
55275
692205
79854
55278
55280
100507633
440307
6133
10230
2039
10233
387066
79867
653308
10239