55552
10255
100422453
387036
6925
100133205
100131953
1564
102725068
775
55568
105375013
100507444
100127955
346171
57688
11120
2903
4855
107984836
2107
3118
387316
4124
11247
4279
114821
9628
1136
124446
100507436
7754
10665
9656
54435
105375010
653639
100189332
105372130
100048923
119032
64116
8379
101928944
81603
101929163
57412
64478
64288
63943
491
8341
253018
353003
105377030
100189095
107985969
105370603
105371077
3111
22997
1138
105375065
80863
9640
105378799
3108
5792
105376595
9892
23368
7444
3128
105372131
101929072
57476
100528007
105372725
8333
105375631
107984265
5592
7746
4900
11118
387046
152330
105370558
100189159
394263
100420530
101928630
100189539
105372750
3123
170679
105374697
267016
105371093
4340
2890
107983986
353010
100189345
29113
100532732
7916
403
100048907
63826
83943
100507431
106479234
5045
10385
91752
54413
80868
105371521
107984934
100189182
79568
135656
25843
139411
4204
79969
6472
4325
100189365
10274
4192
105373782
105378800
3077
780
100130704
100419513
6942
51075
100189526
2272
105369577
57795
102724552
389376
729993
64002
107403240
353002
79913
106481980
7148
11119
100873298
10107
101929406
100507679
105377031
3109
100189067
55238
56244
387117
107984695
57591
100048908
353008
100189336
400765
10340
26701
100189408
54805
3106
106480775
105375009
105379118
23019
394254
3136
3132
107984782
57538
105370359
473
392262
107984414
717
22978
105375629
24149
100189047
23345
3117
105375451
81694
104533120
2147
3699
352964
404026
6046
3122
783
100132280
23314
352965
25791
100189400
105372749
22999
1806
285829
26011
6638
399979
9162
100129192
57502
791230
107521952
26058
105376107
81695
100462812
5698
4439
80317
81696
100189368
11074
102725019
102060414
353000
27086
203062
26051
6134
8911
26707
30834
2913
105372125
100529241
105375015
51780
578
101927134
348980
3107
101927279
101927273
8831
288
5245
107986589
100189099
55604
203068
729816
338645
100189319
5089
107984602
222701
2260
10198
267015
1182
105378992
401247
1917
105375011
2053
352961
102724661
107986849
9682
107986582
7231
6733
11344
7726
55024
84334
100528016
5580
107984390
3119
23451
105369501
22990
100189395
101929423
100422429
442204
106480019
3127
10919
22941
91869
353004
107986983
285834
100294145
