79969
783
105370359
107984602
387046
100127955
8379
100189365
124446
729816
107986589
9640
101929072
100048907
152330
2053
100420530
55024
79913
10385
11118
3107
3118
267015
64478
3111
8379
63943
780
1138
8831
3122
105378992
101928630
100189526
100189368
105370558
3106
5592
3127
105372749
11118
100507436
394254
26058
100189408
100189099
1182
5045
100294145
102060414
717
10274
7148
26701
80317
64288
107985969
83943
105378800
222701
54805
105369501
100532732
4439
101928944
7746
3136
105378992
394263
107983986
100507444
105372750
105375065
105372130
491
25791
105377031
57795
55238
11119
11118
55604
442204
101929163
10665
107984934
105372131
107984390
105375013
4279
102725068
10340
64116
5580
100419513
101927134
653639
387036
4340
7916
105376107
9656
11074
104533120
91752
101927279
102725019
9628
5792
352961
100507679
346171
105372725
100462812
100189395
8341
100129192
22999
5089
51780
353000
399979
2890
100189400
26011
100189067
80863
91869
473
102724552
6046
100189319
101929423
288
392262
105375015
100189332
105375631
387316
81694
5245
3109
100189539
338645
106480775
6925
22990
107984695
23368
23451
57538
80868
2147
3699
54435
56244
23345
55568
401247
107984265
57412
100528007
105371521
57688
353002
100048908
27086
105375009
100422453
64002
100189159
84334
1564
400765
79568
1806
105376595
107984414
352964
22978
9682
105374697
57591
105370603
100189182
100873298
100507431
4325
285829
3123
135656
11120
63826
2107
100048923
105371077
2903
23314
105375010
105373782
26707
23019
10919
105375629
4900
106480019
10255
2272
6942
353008
10107
404026
105375011
170679
100133205
100422429
30834
100131953
1917
100189336
57476
105379118
101927273
7444
352965
105371093
203062
11344
114821
8333
353004
100189345
101929163
107984782
7754
101929406
348980
119032
105378799
100130704
4124
24149
3108
267016
578
717
4855
55552
100189047
3128
353010
29113
775
1136
389376
105377030
3119
106479234
81695
403
6733
11247
10665
101929163
3117
203068
105372125
9892
203062
107986983
253018
100528016
51075
107986582
107986849
9162
25843
100529241
107984836
2260
7726
353003
102724661
387117
6472
107521952
729993
81603
2913
5698
4192
3132
285834
81696
106481980
107403240
3077
100132280
26051
105369577
8911
22997
10198
105375451
791230
100189095
7231