79712
105375283
151842
387046
64080
2989
2053
100132239
9640
100048907
152330
2053
57282
283337
280636
100528016
5286
63943
1138
105372749
102060414
717
10274
26701
80317
64288
83943
122402
2054
4249
100532732
4439
3136
105378992
394263
107983986
105375065
55238
665
9839
100289061
440299
645323
1803
5580
387036
105376107
64123
91752
101927279
102725019
100507679
79019
100129192
100189400
22999
26011
100189363
91869
100189143
101929423
26010
100505718
10806
79144
22990
107984695
105377628
6505
80868
2147
23345
55568
169044
91582
64002
100422453
26122
400765
131149
22978
23478
100189182
57591
995
100873298
100507431
3123
652549
286042
5506
105373782
26707
10919
105375629
6942
404026
51684
170679
30834
105379118
101927273
352965
114821
105379069
348751
100189345
107984782
101929163
7754
101929406
348980
137994
4124
24149
267016
107984411
353010
29113
374470
105369896
6733
107986626
11247
103689918
56924
106821730
57188
26251
9162
57143
6505
55064
25843
100529241
102724661
4775
106480224
83857
26051
8911
105375451
91574
2309
80335
79969
783
105370691
23383
105373833
101929072
100420530
10786
10385
11118
3107
80145
100189368
105370558
5592
64405
3127
100507436
26058
7148
100463286
9344
222701
100189462
9745
7746
124540
488
57795
491
286042
106479038
105372131
107984390
105375013
4279
64116
129684
7916
9656
11074
104533120
9628
346171
105371310
105372725
105376975
100462812
11186
107133501
100132699
6444
2890
4008
100421074
100189067
5639
64919
100189539
338645
100528007
106480775
26713
54435
23368
105371427
3697
57688
353002
574406
100189159
10526
100271158
106480966
51305
64288
2107
100048923
254559
5184
4900
106480019
10255
4482
100287010
100189336
353004
100874054
2534
54815
119032
717
105378111
51294
7531
81695
403
3117
9892
103695365
8330
50854
100529144
107986849
106479807
105373523
387117
8362
100289047
79018
107521952
81603
3700
5698
4192
92521
81696
107403240
791230
10198
51006
101927629
107986837
4828
55193
100189365
221496
5099
729816
107986589
107984012
8525
391595
23043
51678
79913
64478
8831
3122
100189408
4758
283446
107985969
11119
11118
105372130
100505474
442204
107985255
101929163
10665
107984934
100189157
10340
101927134
202319
4340
100270853
352961
5792
389421
105369900
100189395
7991
51780
5089
353000
5903
399979
80863
473
102724552
107
222698
288
392262
105375015
100189332
387316
81694
105374524
3109
10000
23451
399947
150159
56244
105370878
401247
107984265
57412
100528007
105371521
100048908
729987
347689
105375009
105370425
1564
57502
79568
1806
107986889
107984414
352964
285829
133418
4325
105371077
2903
5753
105375010
23019
346007
6185
10107
27257
105375011
100422429
1917
5973
64599
203062
11344
100128537
100189508
283635
727713
389084
105378799
3108
100130704
55552
51252
84059
107984405
117145
775
1136
4038
105377030
3119
106479234
203068
105372125
728586
253018
100528016
51075
55733
57007
55626
107984836
9881
7726
6472
2913
285834
3077
105374240
106481980
5740
100132280
1687
80145
132200
107986530
51201
100127955
8379
25874
124446
2016
10537
64506
55024
105373664
3118
267015
3111
8379
105378800
101927295
780
100189526
105378992
101928630
83698
3106
394254
11118
1182
100189099
5045
100294145
5587
9863
105371308
9093
105378800
54805
8364
105369501
101928944
257358
100507444
105372750
25791
105377031
105379066
9651
646794
102725068
30820
64219
100419513
653639
106481156
8341
121838
6046
100189319
84466
107986667
105375631
55604
6925
57538
3699
25797
106479563
27086
729217
101927687
84334
105375861
100189264
107986048
105376595
9682
105374697
105373628
105370603
7231
135656
11120
63826
344787
391099
23314
4842
133482
2968
2272
353008
100133205
90139
100131953
105378801
57476
132160
7444
105371093
8333
8452
101927573
101929006
10077
29125
578
100528007
57412
100189047
9472
4855
3128
102723914
105370183
389376
100533183
144348
2903
10665
101929163
648809
203062
107986983
107986001
10248
107986582
105373146
107984113
2823
2260
353003
101928765
729993
3132
56603
473
105369577
22997
100189095
107985646
56147
100189294