11247
2890
2016
222701
10340
9162
105379069
387117
4524
107986983
107403240
100132699
107984695
57795
100127955
105371427
3697
4124
103689918
11119
29113
100189526
10385
105370558
399947
64506
3107
100130704
27185
7754
100533183
775
100132280
995
55552
352964
105376595
387046
107985646
26707
10137
105372725
791230
107986889
729217
221496
100189539
106481980
5045
100421074
5973
102723914
11344
6925
57007
80145
10919
4008
101927279
55238
6505
54815
3128
6854
105375629
23345
9656
1610
105370425
55064
56147
26713
100189395
105373833
100463286
107
22999
105375010
2989
283446
6733
57143
129684
9640
105370603
169044
2903
57412
100420530
105375013
102724552
50854
5625
23314
51075
203062
23383
267016
100419513
79712
64478
107984390
26251
2272
105369501
64116
3700
9651
10806
222698
100189508
105375015
64080
10000
57502
7991
100189143
105369896
100294145
2823
347689
353003
22997
26058
100528016
104533120
26122
80863
374470
285834
51678
346007
10665
30834
10077
26010
5903
2968
105371310
102724661
8525
8364
3132
57282
105375011
51684
100189157
9745
23043
9344
107984012
1138
3356
665
101929072
254559
64219
100189345
105378799
728586
257358
353010
55193
55568
102725068
442204
105375631
55733
105370691
3111
101928944
65078
107986530
4482
391099
23451
105374524
100462812
107986849
3136
394263
11074
107985255
8362
24149
2147
101929163
2107
389376
79969
4855
29125
100529144
9378
57688
6444
106481156
491
54805
84466
54435
100189368
11118
3122
5099
56603
267015
105377031
51006
64002
7231
100189462
5587
107984782
105377628
107984405
117145
101929423
105372130
100507431
10198
106480224
8330
80317
51252
5792
5580
107986626
64599
105378800
25843
132200
100048908
64123
2913
105373782
283337
8333
80335
2054
727713
79019
5506
400765
79568
100507444
137994
285829
353000
7148
3127
23478
107984836
107986001
105371308
100189294
9472
4249
81603
5286
1564
717
27257
6046
2260
105371077
83857
7916
22990
391595
122402
100532732
100189047
1803
346171
101927134
81694
84062
4828
25874
105374697
105375283
107983986
144348
3123
101927687
56924
25797
107984414
653639
574406
4842
10274
348751
7726
105374240
102725019
207
100189264
79144
10537
3077
645323
124446
1917
119032
170679
1182
389084
102060414
101928765
729816
84059
107986048
729987
105373146
1687
100133205
51201
100189319
8379
105372749
105376975
105376107
100048907
9682
4439
26701
100128537
26011
107521952
100505474
10107
30820
121838
101928630
100189067
100507679
105378801
8341
288
353008
392262
106479038
91752
27184
5089
100287010
105375009
64919
401247
106480966
101927295
352965
100132239
2534
105370878
10786
100129192
286042
11120
488
101929406
5592
107985969
135656
132160
100189095
4340
63943
100505718
81696
10526
100289061
5639
4758
152330
100189099
100189159
64288
7531
9892
5753
27086
399979
8452
22978
106821730
100189332
440299
9093
105377030
253018
6942
51780
23019
10255
729993
100189400
1116
81695
100189408
11186
105369577
100271158
3699
4192
202319
79913
80868
105375861
83943
105373664
105372750
2309
353002
648809
473
3118
107986589
100422453
63826
9839
79018
105378992
25791
203068
150159
105379118
57591
107984265
133482
578
85358
100529241
3117
91869
105378111
124540
267012
394254
4900
101927573
6472
344787
56244
107986667
4038
101927629
107986837
100189336
100189182
92521
283635
90139
338645
348980
57476
100873298
105370183
55604
353004
100422429
83698
783
26051
4775
387036
106479234
57188
51294
100528007
4325
106479807
5698
55626
105373628
652549
100507436
103695365
107133501
3106
1806
1814
9863
57538
100131953
100874054
5740
387316
151842
105375451
105369900
280636
3108
100270853
131149
100289047
105372131
55024
100048923
2053
64405
107986582
80832
23368
352961
8911
105371521
105371093
91582
3084
106479563
3109
114821
105372125
8831
107984411
23780
100189365
4279
51305
780
107984113
389421
107984934
646794
9628
105375065
105373523
101929006
105379066
106480775
84334
1136
133418
403
404026
101927273
3119
9881
7444
7746
6185
1312
100189363
91574
5184
106480019
10248
